1
497.0,403.0,40.0,42.0
499.0,390.0,40.0,42.0
499.0,380.0,40.0,42.0
499.0,373.0,40.0,42.0
500.0,369.0,40.0,42.0
500.0,368.0,40.0,42.0
501.0,370.0,40.0,42.0
502.0,375.0,40.0,42.0
503.0,383.0,40.0,42.0
504.0,394.0,40.0,42.0
507.0,409.0,40.0,42.0
507.0,409.0,40.0,42.0
513.0,421.0,40.0,42.0
519.0,396.0,40.0,42.0
508.0,374.0,40.0,42.0
509.0,354.0,40.0,42.0
509.0,338.0,40.0,42.0
509.0,338.0,40.0,42.0
510.0,312.0,40.0,42.0
510.0,312.0,40.0,42.0
511.0,298.0,40.0,42.0
511.0,297.0,40.0,42.0
512.0,298.0,40.0,42.0
513.0,303.0,40.0,42.0
514.0,311.0,40.0,42.0
513.0,322.0,40.0,42.0
514.0,339.0,40.0,42.0
515.0,358.0,40.0,42.0
514.0,377.0,40.0,42.0
517.0,401.0,40.0,42.0
518.0,428.0,40.0,42.0
520.0,432.0,40.0,42.0
523.0,409.0,40.0,42.0
523.0,409.0,40.0,42.0
523.0,409.0,40.0,42.0
2
0
0
0
0
1
534.0,324.0,57.0,58.0
534.0,324.0,57.0,58.0
542.0,340.0,57.0,58.0
544.0,351.0,57.0,58.0
555.0,365.0,57.0,58.0
555.0,365.0,57.0,58.0
555.0,365.0,57.0,58.0
555.0,365.0,57.0,58.0
555.0,365.0,57.0,58.0
2
0
0
0
0
1
489.0,239.0,44.0,43.0
481.0,238.0,44.0,43.0
472.0,240.0,44.0,43.0
465.0,246.0,44.0,43.0
459.0,257.0,44.0,43.0
453.0,273.0,44.0,43.0
445.0,290.0,44.0,43.0
437.0,311.0,44.0,43.0
437.0,311.0,44.0,43.0
423.0,365.0,44.0,43.0
415.0,394.0,44.0,43.0
411.0,384.0,44.0,43.0
409.0,369.0,44.0,43.0
406.0,357.0,44.0,43.0
403.0,349.0,44.0,43.0
401.0,344.0,44.0,43.0
399.0,342.0,44.0,43.0
399.0,342.0,44.0,43.0
397.0,348.0,44.0,43.0
394.0,357.0,44.0,43.0
391.0,367.0,44.0,43.0
390.0,379.0,44.0,43.0
387.0,397.0,44.0,43.0
384.0,417.0,44.0,43.0
380.0,439.0,44.0,43.0
381.0,461.0,44.0,43.0
383.0,445.0,44.0,43.0
384.0,426.0,44.0,43.0
385.0,410.0,44.0,43.0
387.0,398.0,44.0,43.0
387.0,386.0,44.0,43.0
387.0,377.0,44.0,43.0
387.0,373.0,44.0,43.0
387.0,371.0,44.0,43.0
388.0,372.0,44.0,43.0
388.0,372.0,44.0,43.0
393.0,385.0,44.0,43.0
394.0,395.0,44.0,43.0
393.0,408.0,44.0,43.0
393.0,428.0,44.0,43.0
393.0,428.0,44.0,43.0
400.0,462.0,44.0,43.0
405.0,438.0,44.0,43.0
411.0,415.0,44.0,43.0
418.0,395.0,44.0,43.0
424.0,378.0,44.0,43.0
431.0,364.0,44.0,43.0
437.0,353.0,44.0,43.0
