1
166.0,66.0,88.0,64.0
133.0,83.0,88.0,64.0
100.0,100.0,88.0,64.0
2
0
0
0
0
1
2
0
0
0
0
1
293.0,125.0,104.0,89.0
304.0,127.0,104.0,89.0
315.0,129.0,104.0,89.0
326.0,131.0,104.0,89.0
326.0,131.0,104.0,89.0
326.0,131.0,104.0,89.0
326.0,131.0,104.0,89.0
326.0,131.0,104.0,89.0
326.0,131.0,104.0,89.0
326.0,131.0,104.0,89.0
326.0,131.0,104.0,89.0
326.0,131.0,104.0,89.0
326.0,131.0,104.0,89.0
326.0,131.0,104.0,89.0
337.0,133.0,104.0,89.0
2
0
0
0
0
1
2
0
0
0
0
1
2
0
0
0
0
1
309.0,143.0,51.0,57.0
311.0,140.0,51.0,57.0
307.0,140.0,51.0,57.0
308.0,139.0,51.0,57.0
308.0,139.0,51.0,57.0
308.0,139.0,51.0,57.0
308.0,139.0,51.0,57.0
308.0,139.0,51.0,57.0
308.0,139.0,51.0,57.0
308.0,139.0,51.0,57.0
308.0,139.0,51.0,57.0
308.0,139.0,51.0,57.0
308.0,139.0,51.0,57.0
308.0,139.0,51.0,57.0
304.0,152.0,53.0,57.0
304.0,152.0,53.0,57.0
304.0,152.0,53.0,57.0
304.0,152.0,53.0,57.0
304.0,152.0,53.0,57.0
304.0,152.0,53.0,57.0
304.0,152.0,53.0,57.0
304.0,152.0,53.0,57.0
304.0,152.0,53.0,57.0
304.0,152.0,53.0,57.0
304.0,152.0,53.0,57.0
301.0,165.0,53.0,57.0
301.0,165.0,53.0,57.0
301.0,165.0,53.0,57.0
301.0,165.0,53.0,57.0
301.0,165.0,53.0,57.0
301.0,165.0,53.0,57.0
301.0,165.0,53.0,57.0
301.0,165.0,53.0,57.0
2
0
0
0
0
1
264.0,150.0,57.0,57.0
273.0,169.0,57.0,57.0
275.0,173.0,57.0,57.0
277.0,177.0,57.0,57.0
277.0,177.0,57.0,57.0
2
0
0
0
0
1
2
0
0
0
0
1
260.0,187.0,33.0,59.0
2
0
0
0
0
1
177.0,206.0,51.0,63.0
198.0,210.0,51.0,63.0
224.0,213.0,49.0,63.0
244.0,218.0,49.0,63.0
244.0,218.0,49.0,63.0
2
0
0
0
0
1
2
0
0
0
0
1
277.0,199.0,102.0,73.0
271.0,198.0,102.0,73.0
265.0,197.0,102.0,73.0
259.0,196.0,102.0,73.0
259.0,196.0,102.0,73.0
259.0,196.0,102.0,73.0
259.0,196.0,102.0,73.0
259.0,196.0,102.0,73.0
259.0,196.0,102.0,73.0
259.0,196.0,102.0,73.0
259.0,196.0,102.0,73.0
259.0,196.0,102.0,73.0
259.0,196.0,102.0,73.0
259.0,196.0,102.0,73.0
253.0,195.0,102.0,73.0
253.0,195.0,102.0,73.0
253.0,195.0,102.0,73.0
253.0,195.0,102.0,73.0
253.0,195.0,102.0,73.0
253.0,195.0,102.0,73.0
253.0,195.0,102.0,73.0
253.0,195.0,102.0,73.0
253.0,195.0,102.0,73.0
253.0,195.0,102.0,73.0
253.0,195.0,102.0,73.0
247.0,194.0,102.0,73.0
247.0,194.0,102.0,73.0
2
0
0
0
0
1
378.0,166.0,60.0,51.0
376.0,181.0,60.0,51.0
370.0,178.0,60.0,51.0
374.0,174.0,60.0,51.0
374.0,174.0,60.0,51.0
374.0,174.0,60.0,51.0
374.0,174.0,60.0,51.0
374.0,174.0,60.0,51.0
374.0,174.0,60.0,51.0
374.0,174.0,60.0,51.0
374.0,174.0,60.0,51.0
374.0,174.0,60.0,51.0
374.0,174.0,60.0,51.0
