1
329.0,113.0,81.0,15.0
319.0,114.0,81.0,15.0
311.0,115.0,81.0,15.0
312.0,116.0,81.0,15.0
313.0,117.0,81.0,15.0
310.0,117.0,81.0,15.0
310.0,117.0,81.0,15.0
310.0,117.0,81.0,15.0
310.0,117.0,81.0,15.0
310.0,117.0,81.0,15.0
310.0,117.0,81.0,15.0
310.0,117.0,81.0,15.0
2
0
0
0
0
1
277.0,15.0,25.0,89.0
278.0,16.0,25.0,89.0
279.0,17.0,25.0,89.0
279.0,17.0,25.0,89.0
279.0,17.0,25.0,89.0
279.0,17.0,25.0,89.0
279.0,17.0,25.0,89.0
279.0,17.0,25.0,89.0
279.0,17.0,25.0,89.0
279.0,17.0,25.0,89.0
279.0,17.0,25.0,89.0
279.0,17.0,25.0,89.0
279.0,17.0,25.0,89.0
279.0,17.0,25.0,89.0
279.0,17.0,25.0,89.0
279.0,17.0,25.0,89.0
279.0,17.0,25.0,89.0
279.0,17.0,25.0,89.0
279.0,17.0,25.0,89.0
279.0,17.0,25.0,89.0
279.0,17.0,25.0,89.0
279.0,17.0,25.0,89.0
279.0,17.0,25.0,89.0
279.0,17.0,25.0,89.0
279.0,17.0,25.0,89.0
279.0,17.0,25.0,89.0
279.0,17.0,25.0,89.0
279.0,17.0,25.0,89.0
279.0,17.0,25.0,89.0
279.0,17.0,25.0,89.0
279.0,17.0,25.0,89.0
279.0,17.0,25.0,89.0
279.0,17.0,25.0,89.0
279.0,17.0,25.0,89.0
279.0,17.0,25.0,89.0
2
0
0
0
0
1
218.0,117.0,43.0,66.0
220.0,113.0,43.0,66.0
221.0,111.0,43.0,66.0
221.0,111.0,43.0,66.0
218.0,135.0,43.0,66.0
216.0,149.0,43.0,66.0
215.0,160.0,43.0,66.0
215.0,160.0,43.0,66.0
215.0,160.0,43.0,66.0
215.0,160.0,43.0,66.0
212.0,178.0,43.0,66.0
215.0,163.0,43.0,66.0
215.0,163.0,43.0,66.0
215.0,163.0,43.0,66.0
215.0,163.0,43.0,66.0
215.0,163.0,43.0,66.0
215.0,163.0,43.0,66.0
215.0,163.0,43.0,66.0
215.0,163.0,43.0,66.0
2
0
0
0
0
1
245.0,263.0,38.0,78.0
245.0,260.0,38.0,78.0
245.0,258.0,38.0,78.0
245.0,258.0,38.0,78.0
245.0,258.0,38.0,78.0
250.0,281.0,38.0,78.0
252.0,289.0,38.0,78.0
254.0,295.0,38.0,78.0
255.0,298.0,38.0,78.0
257.0,296.0,38.0,78.0
259.0,288.0,38.0,78.0
261.0,281.0,38.0,78.0
261.0,281.0,38.0,78.0
261.0,281.0,38.0,78.0
253.0,312.0,38.0,78.0
256.0,308.0,38.0,78.0
256.0,308.0,38.0,78.0
256.0,308.0,38.0,78.0
256.0,308.0,38.0,78.0
256.0,308.0,38.0,78.0
2
0
0
0
0
1
239.0,406.0,32.0,84.0
239.0,407.0,32.0,84.0
238.0,410.0,32.0,84.0
237.0,413.0,32.0,84.0
237.0,414.0,32.0,84.0
237.0,414.0,32.0,84.0
237.0,414.0,32.0,84.0
237.0,414.0,32.0,84.0
237.0,414.0,32.0,84.0
237.0,414.0,32.0,84.0
237.0,414.0,32.0,84.0
237.0,414.0,32.0,84.0
237.0,414.0,32.0,84.0
237.0,414.0,32.0,84.0
237.0,414.0,32.0,84.0
237.0,414.0,32.0,84.0
2
0
0
0
0
1
257.0,521.0,27.0,87.0
256.0,525.0,27.0,87.0
255.0,529.0,27.0,87.0
254.0,533.0,27.0,87.0
253.0,537.0,27.0,87.0
254.0,527.0,27.0,87.0
254.0,527.0,27.0,87.0
254.0,527.0,27.0,87.0
254.0,527.0,27.0,87.0
254.0,527.0,27.0,87.0
2
0
0
0
0
1
351.0,522.0,78.0,53.0
364.0,513.0,78.0,53.0
375.0,505.0,78.0,53.0
386.0,497.0,78.0,53.0
386.0,497.0,78.0,53.0
386.0,497.0,78.0,53.0
386.0,497.0,78.0,53.0
386.0,497.0,78.0,53.0
386.0,497.0,78.0,53.0
386.0,497.0,78.0,53.0
2
0
0
0
0
1
476.0,534.0,36.0,66.0
474.0,538.0,36.0,66.0
472.0,543.0,36.0,66.0
471.0,545.0,36.0,66.0
471.0,545.0,36.0,66.0
471.0,545.0,36.0,66.0
471.0,545.0,36.0,66.0
471.0,545.0,36.0,66.0
471.0,545.0,36.0,66.0
471.0,545.0,36.0,66.0
471.0,545.0,36.0,66.0
471.0,545.0,36.0,66.0
2
0
0
0
0
1
2
0
0
0
0
1
605.0,513.0,75.0,66.0
620.0,524.0,75.0,66.0
634.0,535.0,75.0,66.0
647.0,545.0,75.0,66.0
660.0,555.0,75.0,66.0
672.0,564.0,75.0,66.0
682.0,572.0,75.0,66.0
692.0,580.0,75.0,66.0
701.0,588.0,75.0,66.0
709.0,595.0,75.0,66.0
716.0,601.0,75.0,66.0
723.0,607.0,75.0,66.0
717.0,604.0,75.0,66.0
709.0,606.0,75.0,66.0
709.0,606.0,75.0,66.0
709.0,606.0,75.0,66.0
709.0,606.0,75.0,66.0
709.0,606.0,75.0,66.0
709.0,606.0,75.0,66.0
2
0
0
0
0
1
799.0,609.0,75.0,25.0
809.0,610.0,75.0,25.0
822.0,612.0,75.0,25.0
833.0,614.0,75.0,25.0
845.0,617.0,75.0,25.0
846.0,620.0,75.0,25.0
845.0,622.0,75.0,25.0
843.0,625.0,75.0,25.0
834.0,629.0,75.0,25.0
834.0,629.0,75.0,25.0
878.0,618.0,75.0,25.0
878.0,618.0,75.0,25.0
878.0,618.0,75.0,25.0
926.0,609.0,75.0,25.0
938.0,606.0,75.0,25.0
947.0,604.0,75.0,25.0
956.0,602.0,75.0,25.0
963.0,600.0,75.0,25.0
970.0,598.0,75.0,25.0
969.0,596.0,75.0,25.0
958.0,595.0,75.0,25.0
953.0,594.0,75.0,25.0
974.0,598.0,75.0,25.0
977.0,598.0,75.0,25.0
976.0,598.0,75.0,25.0
975.0,598.0,75.0,25.0
975.0,598.0,75.0,25.0
993.0,605.0,75.0,25.0
1020.0,614.0,75.0,25.0
1027.0,618.0,75.0,25.0
1017.0,622.0,75.0,25.0
1011.0,626.0,75.0,25.0
1011.0,626.0,75.0,25.0
1011.0,626.0,75.0,25.0
1011.0,626.0,75.0,25.0
1011.0,626.0,75.0,25.0
1038.0,602.0,75.0,25.0
2
0
0
0
0
1
1191.0,607.0,28.0,83.0
1197.0,626.0,28.0,83.0
1202.0,643.0,28.0,83.0
1206.0,658.0,28.0,83.0
1210.0,671.0,28.0,83.0
1214.0,684.0,28.0,83.0
1214.0,684.0,28.0,83.0
1214.0,684.0,28.0,83.0
2
0
0
0
0
1
1424.0,597.0,66.0,71.0
1446.0,573.0,66.0,71.0
1467.0,552.0,66.0,71.0
1487.0,533.0,66.0,71.0
1504.0,516.0,66.0,71.0
1519.0,500.0,66.0,71.0
1519.0,500.0,66.0,71.0
1519.0,500.0,66.0,71.0
1519.0,500.0,66.0,71.0
2
0
0
0
0
1
1442.0,333.0,62.0,78.0
1434.0,321.0,62.0,78.0
1427.0,311.0,62.0,78.0
1421.0,302.0,62.0,78.0
1421.0,302.0,62.0,78.0
2
0
0
0
0
1
1136.0,354.0,80.0,14.0
1114.0,354.0,80.0,14.0
1094.0,354.0,80.0,14.0
1075.0,354.0,80.0,14.0
1058.0,354.0,80.0,14.0
1042.0,354.0,80.0,14.0
1028.0,354.0,80.0,14.0
1014.0,355.0,80.0,14.0
1001.0,355.0,80.0,14.0
989.0,355.0,80.0,14.0
978.0,355.0,80.0,14.0
978.0,355.0,80.0,14.0
978.0,355.0,80.0,14.0
978.0,355.0,80.0,14.0
978.0,355.0,80.0,14.0
978.0,355.0,80.0,14.0
978.0,355.0,80.0,14.0
978.0,355.0,80.0,14.0
2
0
0
0
0
1
983.0,385.0,59.0,46.0
959.0,371.0,59.0,46.0
947.0,364.0,59.0,46.0
951.0,361.0,59.0,46.0
951.0,361.0,59.0,46.0
898.0,351.0,59.0,46.0
890.0,348.0,59.0,46.0
890.0,348.0,59.0,46.0
890.0,348.0,59.0,46.0
2
0
0
0
0
1
2
0
0
0
0
1
605.0,290.0,86.0,41.0
593.0,286.0,86.0,41.0
583.0,282.0,86.0,41.0
583.0,281.0,86.0,41.0
563.0,277.0,86.0,41.0
550.0,274.0,86.0,41.0
541.0,272.0,86.0,41.0
532.0,270.0,86.0,41.0
524.0,268.0,86.0,41.0
516.0,266.0,86.0,41.0
516.0,266.0,86.0,41.0
516.0,266.0,86.0,41.0
516.0,266.0,86.0,41.0
2
0
0
0
0
1
323.0,305.0,66.0,41.0
323.0,305.0,66.0,41.0
323.0,305.0,66.0,41.0
323.0,305.0,66.0,41.0
2
0
0
0
0
1
254.0,160.0,43.0,85.0
251.0,152.0,43.0,85.0
248.0,144.0,43.0,85.0
248.0,144.0,43.0,85.0
248.0,144.0,43.0,85.0
248.0,144.0,43.0,85.0
248.0,144.0,43.0,85.0
248.0,144.0,43.0,85.0
248.0,144.0,43.0,85.0
248.0,144.0,43.0,85.0
2
0
0
0
0
1
332.0,101.0,87.0,31.0
326.0,101.0,87.0,31.0
318.0,98.0,87.0,31.0
314.0,95.0,87.0,31.0
307.0,91.0,87.0,31.0
307.0,91.0,87.0,31.0
307.0,91.0,87.0,31.0
307.0,91.0,87.0,31.0
2
0
0
0
0
