1
330.0,161.0,38.0,50.0
328.0,161.0,38.0,50.0
325.0,160.0,38.0,50.0
328.0,161.0,38.0,50.0
328.0,161.0,38.0,50.0
328.0,161.0,38.0,50.0
328.0,161.0,38.0,50.0
328.0,161.0,38.0,50.0
328.0,161.0,38.0,50.0
328.0,161.0,38.0,50.0
331.0,162.0,38.0,50.0
331.0,162.0,38.0,50.0
331.0,162.0,38.0,50.0
331.0,162.0,38.0,50.0
331.0,162.0,38.0,50.0
331.0,162.0,38.0,50.0
331.0,162.0,38.0,50.0
334.0,163.0,38.0,50.0
334.0,163.0,38.0,50.0
334.0,163.0,38.0,50.0
334.0,163.0,38.0,50.0
334.0,163.0,38.0,50.0
334.0,163.0,38.0,50.0
334.0,163.0,38.0,50.0
337.0,164.0,38.0,50.0
337.0,164.0,38.0,50.0
337.0,164.0,38.0,50.0
337.0,164.0,38.0,50.0
337.0,164.0,38.0,50.0
337.0,164.0,38.0,50.0
337.0,164.0,38.0,50.0
340.0,165.0,38.0,50.0
340.0,165.0,38.0,50.0
340.0,165.0,38.0,50.0
340.0,165.0,38.0,50.0
340.0,165.0,38.0,50.0
340.0,165.0,38.0,50.0
340.0,165.0,38.0,50.0
343.0,166.0,38.0,50.0
343.0,166.0,38.0,50.0
343.0,166.0,38.0,50.0
343.0,166.0,38.0,50.0
343.0,166.0,38.0,50.0
343.0,166.0,38.0,50.0
343.0,166.0,38.0,50.0
346.0,167.0,38.0,50.0
346.0,167.0,38.0,50.0
346.0,167.0,38.0,50.0
346.0,167.0,38.0,50.0
346.0,167.0,38.0,50.0
346.0,167.0,38.0,50.0
346.0,167.0,38.0,50.0
349.0,168.0,38.0,50.0
349.0,168.0,38.0,50.0
349.0,168.0,38.0,50.0
349.0,168.0,38.0,50.0
349.0,168.0,38.0,50.0
349.0,168.0,38.0,50.0
349.0,168.0,38.0,50.0
352.0,169.0,38.0,50.0
352.0,169.0,38.0,50.0
352.0,169.0,38.0,50.0
352.0,169.0,38.0,50.0
352.0,169.0,38.0,50.0
352.0,169.0,38.0,50.0
352.0,169.0,38.0,50.0
2
0
0
0
0
1
323.0,147.0,28.0,75.0
296.0,139.0,28.0,75.0
2
0
0
0
0
1
322.0,149.0,28.0,60.0
321.0,149.0,28.0,60.0
321.0,149.0,28.0,60.0
321.0,149.0,28.0,60.0
321.0,149.0,28.0,60.0
321.0,149.0,28.0,60.0
321.0,149.0,28.0,60.0
321.0,149.0,28.0,60.0
321.0,149.0,28.0,60.0
321.0,149.0,28.0,60.0
321.0,149.0,28.0,60.0
321.0,149.0,28.0,60.0
321.0,149.0,28.0,60.0
321.0,149.0,28.0,60.0
321.0,149.0,28.0,60.0
321.0,149.0,28.0,60.0
321.0,149.0,28.0,60.0
321.0,149.0,28.0,60.0
321.0,149.0,28.0,60.0
321.0,149.0,28.0,60.0
321.0,149.0,28.0,60.0
321.0,149.0,28.0,60.0
321.0,149.0,28.0,60.0
321.0,149.0,28.0,60.0
321.0,149.0,28.0,60.0
321.0,149.0,28.0,60.0
321.0,149.0,28.0,60.0
321.0,149.0,28.0,60.0
321.0,149.0,28.0,60.0
321.0,149.0,28.0,60.0
321.0,149.0,28.0,60.0
321.0,149.0,28.0,60.0
321.0,149.0,28.0,60.0
2
0
0
0
0
1
2
0
0
0
0
1
357.0,145.0,47.0,95.0
357.0,146.0,47.0,95.0
357.0,146.0,47.0,95.0
357.0,146.0,47.0,95.0
357.0,146.0,47.0,95.0
357.0,146.0,47.0,95.0
357.0,146.0,47.0,95.0
357.0,146.0,47.0,95.0
357.0,146.0,47.0,95.0
357.0,146.0,47.0,95.0
357.0,146.0,47.0,95.0
357.0,146.0,47.0,95.0
357.0,146.0,47.0,95.0
357.0,146.0,47.0,95.0
357.0,146.0,47.0,95.0
357.0,146.0,47.0,95.0
357.0,146.0,47.0,95.0
357.0,146.0,47.0,95.0
357.0,146.0,47.0,95.0
357.0,146.0,47.0,95.0
357.0,146.0,47.0,95.0
357.0,146.0,47.0,95.0
357.0,146.0,47.0,95.0
357.0,146.0,47.0,95.0
2
0
0
0
0
1
411.0,156.0,27.0,77.0
411.0,156.0,27.0,77.0
411.0,156.0,27.0,77.0
411.0,156.0,27.0,77.0
411.0,156.0,27.0,77.0
411.0,156.0,27.0,77.0
411.0,156.0,27.0,77.0
411.0,156.0,27.0,77.0
411.0,156.0,27.0,77.0
411.0,156.0,27.0,77.0
411.0,156.0,27.0,77.0
411.0,156.0,27.0,77.0
411.0,156.0,27.0,77.0
2
0
0
0
0
1
460.0,159.0,27.0,84.0
462.0,156.0,27.0,84.0
463.0,154.0,27.0,84.0
464.0,154.0,27.0,84.0
464.0,154.0,27.0,84.0
464.0,154.0,27.0,84.0
464.0,154.0,27.0,84.0
464.0,154.0,27.0,84.0
464.0,154.0,27.0,84.0
464.0,154.0,27.0,84.0
465.0,154.0,27.0,84.0
465.0,154.0,27.0,84.0
465.0,154.0,27.0,84.0
465.0,154.0,27.0,84.0
465.0,154.0,27.0,84.0
465.0,154.0,27.0,84.0
465.0,154.0,27.0,84.0
466.0,154.0,27.0,84.0
466.0,154.0,27.0,84.0
466.0,154.0,27.0,84.0
466.0,154.0,27.0,84.0
466.0,154.0,27.0,84.0
466.0,154.0,27.0,84.0
466.0,154.0,27.0,84.0
467.0,154.0,27.0,84.0
467.0,154.0,27.0,84.0
467.0,154.0,27.0,84.0
467.0,154.0,27.0,84.0
467.0,154.0,27.0,84.0
467.0,154.0,27.0,84.0
467.0,154.0,27.0,84.0
468.0,154.0,27.0,84.0
468.0,154.0,27.0,84.0
468.0,154.0,27.0,84.0
468.0,154.0,27.0,84.0
468.0,154.0,27.0,84.0
468.0,154.0,27.0,84.0
469.0,154.0,27.0,84.0
469.0,154.0,27.0,84.0
469.0,154.0,27.0,84.0
469.0,154.0,27.0,84.0
469.0,154.0,27.0,84.0
469.0,154.0,27.0,84.0
469.0,154.0,27.0,84.0
470.0,154.0,27.0,84.0
470.0,154.0,27.0,84.0
470.0,154.0,27.0,84.0
470.0,154.0,27.0,84.0
470.0,154.0,27.0,84.0
470.0,154.0,27.0,84.0
470.0,154.0,27.0,84.0
471.0,154.0,27.0,84.0
471.0,154.0,27.0,84.0
471.0,154.0,27.0,84.0
471.0,154.0,27.0,84.0
471.0,154.0,27.0,84.0
471.0,154.0,27.0,84.0
471.0,154.0,27.0,84.0
462.0,164.0,27.0,84.0
462.0,164.0,27.0,84.0
462.0,164.0,27.0,84.0
462.0,164.0,27.0,84.0
462.0,164.0,27.0,84.0
462.0,164.0,27.0,84.0
2
0
0
0
0
1
524.0,127.0,34.0,83.0
528.0,125.0,34.0,83.0
531.0,123.0,34.0,83.0
532.0,123.0,34.0,83.0
532.0,123.0,34.0,83.0
532.0,123.0,34.0,83.0
532.0,123.0,34.0,83.0
532.0,123.0,34.0,83.0
532.0,123.0,34.0,83.0
532.0,123.0,34.0,83.0
533.0,123.0,34.0,83.0
533.0,123.0,34.0,83.0
533.0,123.0,34.0,83.0
533.0,123.0,34.0,83.0
533.0,123.0,34.0,83.0
533.0,123.0,34.0,83.0
533.0,123.0,34.0,83.0
534.0,123.0,34.0,83.0
534.0,123.0,34.0,83.0
534.0,123.0,34.0,83.0
2
0
0
0
0
1
491.0,100.0,31.0,70.0
490.0,98.0,31.0,70.0
487.0,97.0,31.0,70.0
485.0,95.0,31.0,70.0
485.0,95.0,31.0,70.0
485.0,95.0,31.0,70.0
485.0,95.0,31.0,70.0
485.0,95.0,31.0,70.0
485.0,95.0,31.0,70.0
485.0,89.0,31.0,70.0
485.0,89.0,31.0,70.0
485.0,89.0,31.0,70.0
485.0,89.0,31.0,70.0
485.0,89.0,31.0,70.0
485.0,89.0,31.0,70.0
489.0,85.0,31.0,70.0
489.0,85.0,31.0,70.0
489.0,85.0,31.0,70.0
489.0,85.0,31.0,70.0
489.0,85.0,31.0,70.0
489.0,85.0,31.0,70.0
492.0,80.0,31.0,70.0
492.0,80.0,31.0,70.0
492.0,80.0,31.0,70.0
492.0,80.0,31.0,70.0
492.0,80.0,31.0,70.0
492.0,80.0,31.0,70.0
484.0,83.0,31.0,70.0
484.0,83.0,31.0,70.0
484.0,83.0,31.0,70.0
484.0,83.0,31.0,70.0
484.0,83.0,31.0,70.0
484.0,83.0,31.0,70.0
476.0,86.0,31.0,70.0
476.0,86.0,31.0,70.0
476.0,86.0,31.0,70.0
476.0,86.0,31.0,70.0
476.0,86.0,31.0,70.0
2
0
0
0
0
1
428.0,96.0,34.0,66.0
427.0,95.0,34.0,66.0
427.0,95.0,34.0,66.0
426.0,96.0,34.0,66.0
426.0,96.0,34.0,66.0
426.0,96.0,34.0,66.0
426.0,96.0,34.0,66.0
426.0,96.0,34.0,66.0
426.0,96.0,34.0,66.0
426.0,96.0,34.0,66.0
424.0,95.0,34.0,66.0
424.0,95.0,34.0,66.0
424.0,95.0,34.0,66.0
424.0,95.0,34.0,66.0
424.0,95.0,34.0,66.0
424.0,95.0,34.0,66.0
424.0,95.0,34.0,66.0
422.0,94.0,34.0,66.0
422.0,94.0,34.0,66.0
422.0,94.0,34.0,66.0
422.0,94.0,34.0,66.0
422.0,94.0,34.0,66.0
422.0,94.0,34.0,66.0
422.0,94.0,34.0,66.0
420.0,93.0,34.0,66.0
420.0,93.0,34.0,66.0
420.0,93.0,34.0,66.0
420.0,93.0,34.0,66.0
420.0,93.0,34.0,66.0
2
0
0
0
0
1
