1
497.0,402.0,40.0,42.0
499.0,388.0,40.0,42.0
499.0,379.0,40.0,42.0
499.0,372.0,40.0,42.0
499.0,372.0,40.0,42.0
2
0
0
0
0
1
2
0
0
0
0
1
2
0
0
0
0
1
512.0,307.0,41.81999969482422,37.939998626708984
512.0,317.0,41.81999969482422,37.939998626708984
512.0,327.0,41.81999969482422,37.939998626708984
2
0
0
0
0
1
516.0,407.0,44.7400016784668,43.689998626708984
519.0,386.0,44.7400016784668,43.689998626708984
2
0
0
0
0
1
537.0,328.0,44.09000015258789,44.40999984741211
541.0,332.0,44.09000015258789,44.40999984741211
2
0
0
0
0
1
2
0
0
0
0
1
503.0,248.0,41.040000915527344,42.16999816894531
498.0,244.0,41.040000915527344,42.16999816894531
489.0,239.0,41.040000915527344,42.16999816894531
482.0,238.0,41.040000915527344,42.16999816894531
482.0,238.0,41.040000915527344,42.16999816894531
465.0,246.0,41.040000915527344,42.16999816894531
465.0,246.0,41.040000915527344,42.16999816894531
455.0,276.0,41.040000915527344,42.16999816894531
455.0,276.0,41.040000915527344,42.16999816894531
441.0,314.0,41.040000915527344,42.16999816894531
441.0,314.0,41.040000915527344,42.16999816894531
423.0,368.0,41.040000915527344,42.16999816894531
2
0
0
0
0
1
392.0,333.0,60.599998474121094,61.209999084472656
392.0,333.0,60.599998474121094,61.209999084472656
393.0,334.0,60.599998474121094,61.209999084472656
2
0
0
0
0
1
377.0,454.0,55.97999954223633,54.70000076293945
376.0,436.0,55.97999954223633,54.70000076293945
2
0
0
0
0
1
391.0,371.0,41.0,40.0
2
0
0
0
0
1
2
0
0
0
0
1
428.0,360.0,45.099998474121094,41.9900016784668
435.0,347.0,45.099998474121094,41.9900016784668
