1
661.0,126.0,31.690000534057617,67.91999816894531
659.0,125.0,31.690000534057617,67.91999816894531
658.0,132.0,31.690000534057617,67.91999816894531
657.0,140.0,31.690000534057617,67.91999816894531
657.0,140.0,31.690000534057617,67.91999816894531
656.0,138.0,31.690000534057617,67.91999816894531
656.0,136.0,31.690000534057617,67.91999816894531
655.0,136.0,31.690000534057617,67.91999816894531
653.0,140.0,31.690000534057617,67.91999816894531
652.0,144.0,31.690000534057617,67.91999816894531
651.0,145.0,31.690000534057617,67.91999816894531
651.0,142.0,31.690000534057617,67.91999816894531
649.0,135.0,31.690000534057617,67.91999816894531
645.0,130.0,31.690000534057617,67.91999816894531
645.0,130.0,31.690000534057617,67.91999816894531
633.0,134.0,31.690000534057617,67.91999816894531
629.0,144.0,31.690000534057617,67.91999816894531
626.0,149.0,31.690000534057617,67.91999816894531
626.0,156.0,31.690000534057617,67.91999816894531
626.0,153.0,31.690000534057617,67.91999816894531
627.0,150.0,31.690000534057617,67.91999816894531
630.0,149.0,31.690000534057617,67.91999816894531
630.0,149.0,31.690000534057617,67.91999816894531
634.0,146.0,31.690000534057617,67.91999816894531
635.0,144.0,31.690000534057617,67.91999816894531
636.0,140.0,31.690000534057617,67.91999816894531
636.0,140.0,31.690000534057617,67.91999816894531
636.0,125.0,31.690000534057617,67.91999816894531
636.0,126.0,31.690000534057617,67.91999816894531
637.0,131.0,31.690000534057617,67.91999816894531
638.0,139.0,31.690000534057617,67.91999816894531
638.0,139.0,31.690000534057617,67.91999816894531
638.0,139.0,31.690000534057617,67.91999816894531
640.0,154.0,31.690000534057617,67.91999816894531
640.0,154.0,31.690000534057617,67.91999816894531
2
0
0
0
0
1
637.0,126.0,31.739999771118164,56.4900016784668
637.0,123.0,31.739999771118164,56.4900016784668
638.0,127.0,31.739999771118164,56.4900016784668
637.0,130.0,31.739999771118164,56.4900016784668
637.0,130.0,31.739999771118164,56.4900016784668
638.0,136.0,31.739999771118164,56.4900016784668
638.0,136.0,31.739999771118164,56.4900016784668
640.0,132.0,31.739999771118164,56.4900016784668
640.0,132.0,31.739999771118164,56.4900016784668
642.0,136.0,31.739999771118164,56.4900016784668
642.0,136.0,31.739999771118164,56.4900016784668
644.0,140.0,31.739999771118164,56.4900016784668
644.0,140.0,31.739999771118164,56.4900016784668
644.0,138.0,31.739999771118164,56.4900016784668
644.0,138.0,31.739999771118164,56.4900016784668
643.0,147.0,31.739999771118164,56.4900016784668
643.0,147.0,31.739999771118164,56.4900016784668
645.0,154.0,31.739999771118164,56.4900016784668
645.0,154.0,31.739999771118164,56.4900016784668
647.0,153.0,31.739999771118164,56.4900016784668
647.0,153.0,31.739999771118164,56.4900016784668
645.0,152.0,31.739999771118164,56.4900016784668
645.0,152.0,31.739999771118164,56.4900016784668
647.0,151.0,31.739999771118164,56.4900016784668
647.0,151.0,31.739999771118164,56.4900016784668
653.0,153.0,31.739999771118164,56.4900016784668
653.0,153.0,31.739999771118164,56.4900016784668
657.0,153.0,31.739999771118164,56.4900016784668
657.0,153.0,31.739999771118164,56.4900016784668
660.0,142.0,31.739999771118164,56.4900016784668
660.0,142.0,31.739999771118164,56.4900016784668
660.0,138.0,31.739999771118164,56.4900016784668
660.0,138.0,31.739999771118164,56.4900016784668
658.0,127.0,31.739999771118164,56.4900016784668
658.0,127.0,31.739999771118164,56.4900016784668
659.0,135.0,31.739999771118164,56.4900016784668
659.0,135.0,31.739999771118164,56.4900016784668
664.0,159.0,31.739999771118164,56.4900016784668
664.0,159.0,31.739999771118164,56.4900016784668
666.0,167.0,31.739999771118164,56.4900016784668
2
0
0
0
0
1
652.0,143.0,37.36000061035156,49.63999938964844
648.0,145.0,37.36000061035156,49.63999938964844
646.0,149.0,37.36000061035156,49.63999938964844
643.0,150.0,37.36000061035156,49.63999938964844
643.0,150.0,37.36000061035156,49.63999938964844
640.0,157.0,37.36000061035156,49.63999938964844
640.0,157.0,37.36000061035156,49.63999938964844
640.0,157.0,37.36000061035156,49.63999938964844
641.0,158.0,37.36000061035156,49.63999938964844
642.0,156.0,37.36000061035156,49.63999938964844
642.0,155.0,37.36000061035156,49.63999938964844
642.0,156.0,37.36000061035156,49.63999938964844
642.0,156.0,37.36000061035156,49.63999938964844
642.0,159.0,37.36000061035156,49.63999938964844
642.0,159.0,37.36000061035156,49.63999938964844
2
0
0
0
0
1
646.0,160.0,27.530000686645508,57.540000915527344
647.0,161.0,27.530000686645508,57.540000915527344
647.0,156.0,27.530000686645508,57.540000915527344
648.0,157.0,27.530000686645508,57.540000915527344
648.0,157.0,27.530000686645508,57.540000915527344
645.0,166.0,27.530000686645508,57.540000915527344
645.0,166.0,27.530000686645508,57.540000915527344
642.0,166.0,27.530000686645508,57.540000915527344
642.0,166.0,27.530000686645508,57.540000915527344
640.0,166.0,27.530000686645508,57.540000915527344
640.0,166.0,27.530000686645508,57.540000915527344
641.0,162.0,27.530000686645508,57.540000915527344
641.0,162.0,27.530000686645508,57.540000915527344
641.0,162.0,27.530000686645508,57.540000915527344
641.0,162.0,27.530000686645508,57.540000915527344
639.0,157.0,27.530000686645508,57.540000915527344
639.0,157.0,27.530000686645508,57.540000915527344
639.0,157.0,27.530000686645508,57.540000915527344
639.0,157.0,27.530000686645508,57.540000915527344
640.0,159.0,27.530000686645508,57.540000915527344
640.0,159.0,27.530000686645508,57.540000915527344
638.0,159.0,27.530000686645508,57.540000915527344
638.0,159.0,27.530000686645508,57.540000915527344
2
0
0
0
0
1
640.0,139.0,33.22999954223633,61.540000915527344
639.0,139.0,33.22999954223633,61.540000915527344
638.0,140.0,33.22999954223633,61.540000915527344
638.0,142.0,33.22999954223633,61.540000915527344
638.0,142.0,33.22999954223633,61.540000915527344
640.0,148.0,33.22999954223633,61.540000915527344
640.0,148.0,33.22999954223633,61.540000915527344
640.0,150.0,33.22999954223633,61.540000915527344
640.0,150.0,33.22999954223633,61.540000915527344
639.0,153.0,33.22999954223633,61.540000915527344
639.0,153.0,33.22999954223633,61.540000915527344
638.0,156.0,33.22999954223633,61.540000915527344
638.0,156.0,33.22999954223633,61.540000915527344
639.0,162.0,33.22999954223633,61.540000915527344
639.0,162.0,33.22999954223633,61.540000915527344
643.0,166.0,33.22999954223633,61.540000915527344
643.0,166.0,33.22999954223633,61.540000915527344
644.0,169.0,33.22999954223633,61.540000915527344
644.0,169.0,33.22999954223633,61.540000915527344
2
0
0
0
0
1
646.0,158.0,34.65999984741211,74.83000183105469
645.0,160.0,34.65999984741211,74.83000183105469
645.0,159.0,34.65999984741211,74.83000183105469
644.0,156.0,34.65999984741211,74.83000183105469
644.0,156.0,34.65999984741211,74.83000183105469
645.0,157.0,34.65999984741211,74.83000183105469
645.0,157.0,34.65999984741211,74.83000183105469
649.0,155.0,34.65999984741211,74.83000183105469
649.0,155.0,34.65999984741211,74.83000183105469
649.0,157.0,34.65999984741211,74.83000183105469
649.0,157.0,34.65999984741211,74.83000183105469
651.0,160.0,34.65999984741211,74.83000183105469
651.0,160.0,34.65999984741211,74.83000183105469
654.0,160.0,34.65999984741211,74.83000183105469
655.0,162.0,34.65999984741211,74.83000183105469
655.0,162.0,34.65999984741211,74.83000183105469
653.0,157.0,34.65999984741211,74.83000183105469
653.0,157.0,34.65999984741211,74.83000183105469
655.0,163.0,34.65999984741211,74.83000183105469
655.0,163.0,34.65999984741211,74.83000183105469
657.0,161.0,34.65999984741211,74.83000183105469
657.0,161.0,34.65999984741211,74.83000183105469
2
0
0
0
0
1
