1
497.0,402.0,40.0,42.0
499.0,389.0,40.0,42.0
498.0,380.0,40.0,42.0
499.0,373.0,40.0,42.0
500.0,369.0,40.0,42.0
501.0,368.0,40.0,42.0
502.0,370.0,40.0,42.0
503.0,375.0,40.0,42.0
504.0,383.0,40.0,42.0
505.0,394.0,40.0,42.0
508.0,409.0,40.0,42.0
508.0,409.0,40.0,42.0
507.0,421.0,40.0,42.0
507.0,421.0,40.0,42.0
507.0,421.0,40.0,42.0
2
0
0
0
0
1
513.0,301.0,39.0,39.0
514.0,302.0,39.0,39.0
514.0,302.0,39.0,39.0
514.0,302.0,39.0,39.0
514.0,302.0,39.0,39.0
514.0,302.0,39.0,39.0
2
0
0
0
0
1
521.0,386.0,41.0,40.0
524.0,371.0,41.0,40.0
527.0,356.0,41.0,40.0
530.0,344.0,41.0,40.0
532.0,335.0,41.0,40.0
533.0,330.0,41.0,40.0
535.0,328.0,41.0,40.0
537.0,329.0,41.0,40.0
540.0,333.0,41.0,40.0
544.0,341.0,41.0,40.0
544.0,349.0,41.0,40.0
545.0,362.0,41.0,40.0
550.0,377.0,41.0,40.0
553.0,397.0,41.0,40.0
553.0,377.0,41.0,40.0
544.0,350.0,41.0,40.0
533.0,326.0,41.0,40.0
530.0,307.0,41.0,40.0
522.0,288.0,41.0,40.0
518.0,272.0,41.0,40.0
512.0,260.0,41.0,40.0
505.0,250.0,41.0,40.0
501.0,246.0,41.0,40.0
492.0,242.0,41.0,40.0
484.0,241.0,41.0,40.0
475.0,242.0,41.0,40.0
468.0,248.0,41.0,40.0
461.0,258.0,41.0,40.0
455.0,274.0,41.0,40.0
447.0,291.0,41.0,40.0
439.0,312.0,41.0,40.0
434.0,336.0,41.0,40.0
429.0,365.0,41.0,40.0
421.0,392.0,41.0,40.0
414.0,382.0,41.0,40.0
410.0,367.0,41.0,40.0
407.0,356.0,41.0,40.0
404.0,348.0,41.0,40.0
402.0,343.0,41.0,40.0
401.0,342.0,41.0,40.0
401.0,342.0,41.0,40.0
398.0,348.0,41.0,40.0
396.0,357.0,41.0,40.0
393.0,368.0,41.0,40.0
393.0,368.0,41.0,40.0
389.0,398.0,41.0,40.0
387.0,418.0,41.0,40.0
384.0,440.0,41.0,40.0
385.0,463.0,41.0,40.0
387.0,446.0,41.0,40.0
388.0,428.0,41.0,40.0
390.0,412.0,41.0,40.0
392.0,399.0,41.0,40.0
391.0,387.0,41.0,40.0
391.0,378.0,41.0,40.0
391.0,373.0,41.0,40.0
392.0,372.0,41.0,40.0
392.0,373.0,41.0,40.0
392.0,373.0,41.0,40.0
398.0,387.0,41.0,40.0
399.0,397.0,41.0,40.0
401.0,410.0,41.0,40.0
401.0,410.0,41.0,40.0
404.0,447.0,41.0,40.0
406.0,464.0,41.0,40.0
412.0,440.0,41.0,40.0
418.0,417.0,41.0,40.0
424.0,398.0,41.0,40.0
430.0,381.0,41.0,40.0
437.0,368.0,41.0,40.0
443.0,360.0,41.0,40.0
