1
339.0,112.0,81.70999908447266,15.649999618530273
339.0,112.0,81.70999908447266,15.649999618530273
339.0,112.0,81.70999908447266,15.649999618530273
339.0,112.0,81.70999908447266,15.649999618530273
339.0,112.0,81.70999908447266,15.649999618530273
339.0,112.0,81.70999908447266,15.649999618530273
339.0,112.0,81.70999908447266,15.649999618530273
2
0
0
0
0
1
275.0,46.0,33.060001373291016,86.94999694824219
274.0,52.0,33.060001373291016,86.94999694824219
273.0,58.0,33.060001373291016,86.94999694824219
272.0,61.0,33.060001373291016,86.94999694824219
272.0,62.0,33.060001373291016,86.94999694824219
272.0,62.0,33.060001373291016,86.94999694824219
273.0,62.0,33.060001373291016,86.94999694824219
275.0,61.0,33.060001373291016,86.94999694824219
275.0,66.0,33.060001373291016,86.94999694824219
273.0,73.0,33.060001373291016,86.94999694824219
273.0,73.0,33.060001373291016,86.94999694824219
263.0,64.0,33.060001373291016,86.94999694824219
259.0,67.0,33.060001373291016,86.94999694824219
257.0,68.0,33.060001373291016,86.94999694824219
256.0,66.0,33.060001373291016,86.94999694824219
253.0,68.0,33.060001373291016,86.94999694824219
2
0
0
0
0
1
274.0,16.0,64.12999725341797,71.64099884033203
274.0,16.0,64.12999725341797,71.64099884033203
274.0,16.0,64.12999725341797,71.64099884033203
274.0,16.0,64.12999725341797,71.64099884033203
274.0,16.0,64.12999725341797,71.64099884033203
274.0,16.0,64.12999725341797,71.64099884033203
274.0,16.0,64.12999725341797,71.64099884033203
274.0,16.0,64.12999725341797,71.64099884033203
274.0,16.0,64.12999725341797,71.64099884033203
274.0,16.0,64.12999725341797,71.64099884033203
274.0,16.0,64.12999725341797,71.64099884033203
274.0,16.0,64.12999725341797,71.64099884033203
274.0,16.0,64.12999725341797,71.64099884033203
274.0,16.0,64.12999725341797,71.64099884033203
274.0,16.0,64.12999725341797,71.64099884033203
274.0,16.0,64.12999725341797,71.64099884033203
274.0,16.0,64.12999725341797,71.64099884033203
2
0
0
0
0
1
220.0,113.0,60.45000076293945,52.31999969482422
223.0,107.0,60.45000076293945,52.31999969482422
224.0,104.0,60.45000076293945,52.31999969482422
225.0,102.0,60.45000076293945,52.31999969482422
225.0,103.0,60.45000076293945,52.31999969482422
224.0,109.0,60.45000076293945,52.31999969482422
224.0,114.0,60.45000076293945,52.31999969482422
225.0,119.0,60.45000076293945,52.31999969482422
225.0,123.0,60.45000076293945,52.31999969482422
225.0,123.0,60.45000076293945,52.31999969482422
225.0,123.0,60.45000076293945,52.31999969482422
232.0,137.0,60.45000076293945,52.31999969482422
232.0,137.0,60.45000076293945,52.31999969482422
232.0,137.0,60.45000076293945,52.31999969482422
2
0
0
0
0
1
225.0,222.0,38.0,85.6500015258789
222.0,215.0,38.0,85.6500015258789
221.0,212.0,38.0,85.6500015258789
224.0,216.0,38.0,85.6500015258789
228.0,221.0,38.0,85.6500015258789
232.0,225.0,38.0,85.6500015258789
233.0,223.0,38.0,85.6500015258789
234.0,221.0,38.0,85.6500015258789
234.0,218.0,38.0,85.6500015258789
235.0,220.0,38.0,85.6500015258789
236.0,225.0,38.0,85.6500015258789
237.0,231.0,38.0,85.6500015258789
237.0,233.0,38.0,85.6500015258789
238.0,239.0,38.0,85.6500015258789
239.0,243.0,38.0,85.6500015258789
239.0,243.0,38.0,85.6500015258789
253.0,257.0,38.0,85.6500015258789
255.0,251.0,38.0,85.6500015258789
257.0,251.0,38.0,85.6500015258789
2
0
0
0
0
1
246.0,373.0,35.61000061035156,84.36000061035156
246.0,373.0,35.61000061035156,84.36000061035156
245.0,376.0,35.61000061035156,84.36000061035156
245.0,376.0,35.61000061035156,84.36000061035156
245.0,376.0,35.61000061035156,84.36000061035156
245.0,376.0,35.61000061035156,84.36000061035156
245.0,376.0,35.61000061035156,84.36000061035156
244.0,379.0,35.61000061035156,84.36000061035156
244.0,379.0,35.61000061035156,84.36000061035156
243.0,382.0,35.61000061035156,84.36000061035156
242.0,385.0,35.61000061035156,84.36000061035156
241.0,389.0,35.61000061035156,84.36000061035156
240.0,389.0,35.61000061035156,84.36000061035156
237.0,386.0,35.61000061035156,84.36000061035156
237.0,386.0,35.61000061035156,84.36000061035156
237.0,386.0,35.61000061035156,84.36000061035156
241.0,399.0,35.61000061035156,84.36000061035156
241.0,399.0,35.61000061035156,84.36000061035156
241.0,399.0,35.61000061035156,84.36000061035156
236.0,408.0,35.61000061035156,84.36000061035156
235.0,409.0,35.61000061035156,84.36000061035156
236.0,414.0,35.61000061035156,84.36000061035156
236.0,414.0,35.61000061035156,84.36000061035156
2
0
0
0
0
1
257.0,521.0,27.860000610351562,87.05000305175781
256.0,525.0,27.860000610351562,87.05000305175781
255.0,529.0,27.860000610351562,87.05000305175781
254.0,533.0,27.860000610351562,87.05000305175781
253.0,536.0,27.860000610351562,87.05000305175781
253.0,536.0,27.860000610351562,87.05000305175781
253.0,536.0,27.860000610351562,87.05000305175781
253.0,536.0,27.860000610351562,87.05000305175781
253.0,536.0,27.860000610351562,87.05000305175781
253.0,536.0,27.860000610351562,87.05000305175781
2
0
0
0
0
1
351.0,522.0,78.33000183105469,53.81999969482422
364.0,513.0,78.33000183105469,53.81999969482422
375.0,505.0,78.33000183105469,53.81999969482422
386.0,497.0,78.33000183105469,53.81999969482422
386.0,497.0,78.33000183105469,53.81999969482422
386.0,497.0,78.33000183105469,53.81999969482422
386.0,497.0,78.33000183105469,53.81999969482422
386.0,497.0,78.33000183105469,53.81999969482422
386.0,497.0,78.33000183105469,53.81999969482422
386.0,497.0,78.33000183105469,53.81999969482422
2
0
0
0
0
1
477.0,532.0,36.95000076293945,66.02999877929688
475.0,536.0,36.95000076293945,66.02999877929688
473.0,541.0,36.95000076293945,66.02999877929688
471.0,545.0,36.95000076293945,66.02999877929688
471.0,545.0,36.95000076293945,66.02999877929688
471.0,545.0,36.95000076293945,66.02999877929688
471.0,545.0,36.95000076293945,66.02999877929688
471.0,545.0,36.95000076293945,66.02999877929688
471.0,545.0,36.95000076293945,66.02999877929688
471.0,545.0,36.95000076293945,66.02999877929688
471.0,545.0,36.95000076293945,66.02999877929688
471.0,545.0,36.95000076293945,66.02999877929688
2
0
0
0
0
1
2
0
0
0
0
1
604.0,512.0,75.54000091552734,66.37999725341797
619.0,522.0,75.54000091552734,66.37999725341797
633.0,533.0,75.54000091552734,66.37999725341797
646.0,543.0,75.54000091552734,66.37999725341797
658.0,552.0,75.54000091552734,66.37999725341797
670.0,561.0,75.54000091552734,66.37999725341797
680.0,569.0,75.54000091552734,66.37999725341797
690.0,577.0,75.54000091552734,66.37999725341797
698.0,584.0,75.54000091552734,66.37999725341797
706.0,591.0,75.54000091552734,66.37999725341797
713.0,597.0,75.54000091552734,66.37999725341797
720.0,603.0,75.54000091552734,66.37999725341797
715.0,601.0,75.54000091552734,66.37999725341797
708.0,604.0,75.54000091552734,66.37999725341797
702.0,608.0,75.54000091552734,66.37999725341797
699.0,612.0,75.54000091552734,66.37999725341797
699.0,615.0,75.54000091552734,66.37999725341797
698.0,618.0,75.54000091552734,66.37999725341797
704.0,618.0,75.54000091552734,66.37999725341797
709.0,615.0,75.54000091552734,66.37999725341797
714.0,607.0,75.54000091552734,66.37999725341797
714.0,603.0,75.54000091552734,66.37999725341797
714.0,603.0,75.54000091552734,66.37999725341797
751.0,585.0,75.54000091552734,66.37999725341797
758.0,572.0,75.54000091552734,66.37999725341797
750.0,570.0,75.54000091552734,66.37999725341797
2
0
0
0
0
1
863.0,618.0,83.0999984741211,29.700000762939453
863.0,618.0,83.0999984741211,29.700000762939453
863.0,618.0,83.0999984741211,29.700000762939453
863.0,618.0,83.0999984741211,29.700000762939453
863.0,618.0,83.0999984741211,29.700000762939453
863.0,618.0,83.0999984741211,29.700000762939453
863.0,618.0,83.0999984741211,29.700000762939453
863.0,618.0,83.0999984741211,29.700000762939453
863.0,618.0,83.0999984741211,29.700000762939453
863.0,618.0,83.0999984741211,29.700000762939453
2
0
0
0
0
1
992.0,595.0,85.94999694824219,33.70000076293945
992.0,595.0,85.94999694824219,33.70000076293945
995.0,596.0,85.94999694824219,33.70000076293945
1000.0,598.0,85.94999694824219,33.70000076293945
1004.0,600.0,85.94999694824219,33.70000076293945
1008.0,602.0,85.94999694824219,33.70000076293945
1012.0,605.0,85.94999694824219,33.70000076293945
1012.0,605.0,85.94999694824219,33.70000076293945
997.0,613.0,85.94999694824219,33.70000076293945
993.0,616.0,85.94999694824219,33.70000076293945
2
0
0
0
0
1
1126.0,593.0,84.19999694824219,30.809999465942383
1126.0,593.0,84.19999694824219,30.809999465942383
1126.0,593.0,84.19999694824219,30.809999465942383
1126.0,593.0,84.19999694824219,30.809999465942383
1126.0,593.0,84.19999694824219,30.809999465942383
1126.0,593.0,84.19999694824219,30.809999465942383
2
0
0
0
0
1
2
0
0
0
0
1
1423.0,598.0,66.80000305175781,71.55999755859375
1445.0,574.0,66.80000305175781,71.55999755859375
1466.0,553.0,66.80000305175781,71.55999755859375
1485.0,535.0,66.80000305175781,71.55999755859375
1502.0,518.0,66.80000305175781,71.55999755859375
1517.0,502.0,66.80000305175781,71.55999755859375
1517.0,502.0,66.80000305175781,71.55999755859375
1517.0,502.0,66.80000305175781,71.55999755859375
1517.0,502.0,66.80000305175781,71.55999755859375
2
0
0
0
0
1
1442.0,333.0,62.79999923706055,78.79000091552734
1434.0,321.0,62.79999923706055,78.79000091552734
1427.0,311.0,62.79999923706055,78.79000091552734
1421.0,302.0,62.79999923706055,78.79000091552734
1421.0,302.0,62.79999923706055,78.79000091552734
2
0
0
0
0
1
1144.0,354.0,80.5,14.479999542236328
1124.0,354.0,80.5,14.479999542236328
1104.0,354.0,80.5,14.479999542236328
1086.0,354.0,80.5,14.479999542236328
1070.0,354.0,80.5,14.479999542236328
1055.0,354.0,80.5,14.479999542236328
1041.0,354.0,80.5,14.479999542236328
1028.0,354.0,80.5,14.479999542236328
1016.0,354.0,80.5,14.479999542236328
1004.0,354.0,80.5,14.479999542236328
993.0,354.0,80.5,14.479999542236328
993.0,354.0,80.5,14.479999542236328
993.0,354.0,80.5,14.479999542236328
993.0,354.0,80.5,14.479999542236328
2
0
0
0
0
1
1011.0,358.0,56.29999923706055,60.65999984741211
1015.0,354.0,56.29999923706055,60.65999984741211
1017.0,365.0,56.29999923706055,60.65999984741211
1017.0,365.0,56.29999923706055,60.65999984741211
1017.0,365.0,56.29999923706055,60.65999984741211
1017.0,365.0,56.29999923706055,60.65999984741211
1017.0,365.0,56.29999923706055,60.65999984741211
2
0
0
0
0
1
802.0,341.0,84.68000030517578,22.889999389648438
803.0,344.0,84.68000030517578,22.889999389648438
803.0,346.0,84.68000030517578,22.889999389648438
808.0,351.0,84.68000030517578,22.889999389648438
2
0
0
0
0
1
636.0,300.0,84.72000122070312,39.220001220703125
623.0,296.0,84.72000122070312,39.220001220703125
610.0,292.0,84.72000122070312,39.220001220703125
598.0,288.0,84.72000122070312,39.220001220703125
596.0,287.0,84.72000122070312,39.220001220703125
596.0,286.0,84.72000122070312,39.220001220703125
600.0,286.0,84.72000122070312,39.220001220703125
590.0,284.0,84.72000122070312,39.220001220703125
581.0,282.0,84.72000122070312,39.220001220703125
575.0,281.0,84.72000122070312,39.220001220703125
569.0,280.0,84.72000122070312,39.220001220703125
560.0,278.0,84.72000122070312,39.220001220703125
541.0,270.0,84.72000122070312,39.220001220703125
541.0,270.0,84.72000122070312,39.220001220703125
2
0
0
0
0
1
2
0
0
0
0
1
276.0,209.0,44.09000015258789,85.54000091552734
271.0,199.0,44.09000015258789,85.54000091552734
266.0,188.0,44.09000015258789,85.54000091552734
262.0,179.0,44.09000015258789,85.54000091552734
258.0,170.0,44.09000015258789,85.54000091552734
254.0,161.0,44.09000015258789,85.54000091552734
250.0,152.0,44.09000015258789,85.54000091552734
247.0,144.0,44.09000015258789,85.54000091552734
247.0,144.0,44.09000015258789,85.54000091552734
247.0,144.0,44.09000015258789,85.54000091552734
247.0,144.0,44.09000015258789,85.54000091552734
247.0,144.0,44.09000015258789,85.54000091552734
247.0,144.0,44.09000015258789,85.54000091552734
247.0,144.0,44.09000015258789,85.54000091552734
247.0,144.0,44.09000015258789,85.54000091552734
2
0
0
0
0
1
332.0,101.0,87.58999633789062,31.65999984741211
326.0,101.0,87.58999633789062,31.65999984741211
320.0,98.0,87.58999633789062,31.65999984741211
317.0,95.0,87.58999633789062,31.65999984741211
312.0,92.0,87.58999633789062,31.65999984741211
307.0,89.0,87.58999633789062,31.65999984741211
314.0,96.0,87.58999633789062,31.65999984741211
314.0,98.0,87.58999633789062,31.65999984741211
318.0,101.0,87.58999633789062,31.65999984741211
323.0,103.0,87.58999633789062,31.65999984741211
330.0,105.0,87.58999633789062,31.65999984741211
338.0,107.0,87.58999633789062,31.65999984741211
344.0,109.0,87.58999633789062,31.65999984741211
