1
34.0,60.0,69.0,84.0
38.0,66.0,69.0,84.0
43.0,72.0,69.0,84.0
50.0,76.0,69.0,84.0
60.0,76.0,69.0,84.0
71.0,77.0,69.0,84.0
79.0,78.0,69.0,84.0
87.0,82.0,69.0,84.0
97.0,86.0,69.0,84.0
106.0,87.0,69.0,84.0
114.0,86.0,69.0,84.0
121.0,84.0,69.0,84.0
126.0,81.0,69.0,84.0
130.0,77.0,69.0,84.0
135.0,73.0,69.0,84.0
141.0,70.0,69.0,84.0
147.0,67.0,69.0,84.0
157.0,65.0,69.0,84.0
171.0,64.0,69.0,84.0
188.0,64.0,69.0,84.0
205.0,64.0,69.0,84.0
222.0,64.0,69.0,84.0
238.0,64.0,69.0,84.0
254.0,64.0,69.0,84.0
268.0,65.0,69.0,84.0
279.0,65.0,69.0,84.0
287.0,64.0,69.0,84.0
289.0,62.0,69.0,84.0
289.0,61.0,69.0,84.0
283.0,61.0,69.0,84.0
273.0,62.0,69.0,84.0
259.0,61.0,69.0,84.0
245.0,60.0,69.0,84.0
230.0,58.0,69.0,84.0
215.0,58.0,69.0,84.0
199.0,59.0,69.0,84.0
183.0,64.0,69.0,84.0
172.0,68.0,69.0,84.0
163.0,71.0,69.0,84.0
163.0,71.0,69.0,84.0
215.0,69.0,69.0,84.0
2
0
0
0
0
1
114.0,93.0,67.0,78.0
111.0,92.0,67.0,78.0
109.0,91.0,67.0,78.0
112.0,92.0,67.0,78.0
112.0,92.0,67.0,78.0
112.0,92.0,67.0,78.0
112.0,92.0,67.0,78.0
112.0,92.0,67.0,78.0
2
0
0
0
0
1
284.0,77.0,63.0,81.0
294.0,73.0,63.0,81.0
302.0,69.0,63.0,81.0
306.0,66.0,63.0,81.0
307.0,65.0,63.0,81.0
303.0,65.0,63.0,81.0
293.0,68.0,63.0,81.0
278.0,74.0,63.0,81.0
258.0,82.0,63.0,81.0
237.0,88.0,63.0,81.0
215.0,91.0,63.0,81.0
190.0,94.0,63.0,81.0
166.0,96.0,63.0,81.0
142.0,95.0,63.0,81.0
120.0,92.0,63.0,81.0
96.0,87.0,63.0,81.0
75.0,82.0,63.0,81.0
52.0,77.0,63.0,81.0
29.0,74.0,63.0,81.0
29.0,74.0,63.0,81.0
29.0,74.0,63.0,81.0
29.0,74.0,63.0,81.0
29.0,74.0,63.0,81.0
29.0,74.0,63.0,81.0
29.0,74.0,63.0,81.0
29.0,74.0,63.0,81.0
29.0,74.0,63.0,81.0
29.0,74.0,63.0,81.0
2
0
0
0
0
1
18.0,80.0,98.0,95.0
27.0,82.0,98.0,95.0
39.0,84.0,98.0,95.0
52.0,85.0,98.0,95.0
67.0,87.0,98.0,95.0
85.0,89.0,98.0,95.0
104.0,91.0,98.0,95.0
125.0,94.0,98.0,95.0
147.0,96.0,98.0,95.0
166.0,97.0,98.0,95.0
186.0,98.0,98.0,95.0
208.0,101.0,98.0,95.0
230.0,103.0,98.0,95.0
254.0,103.0,98.0,95.0
276.0,103.0,98.0,95.0
295.0,102.0,98.0,95.0
311.0,100.0,98.0,95.0
323.0,97.0,98.0,95.0
329.0,92.0,98.0,95.0
331.0,87.0,98.0,95.0
330.0,84.0,98.0,95.0
323.0,80.0,98.0,95.0
314.0,75.0,98.0,95.0
302.0,71.0,98.0,95.0
287.0,68.0,98.0,95.0
272.0,66.0,98.0,95.0
261.0,66.0,98.0,95.0
255.0,57.0,98.0,95.0
252.0,56.0,98.0,95.0
246.0,60.0,98.0,95.0
242.0,65.0,98.0,95.0
242.0,84.0,98.0,95.0
235.0,86.0,98.0,95.0
223.0,85.0,98.0,95.0
204.0,81.0,98.0,95.0
185.0,77.0,98.0,95.0
169.0,73.0,98.0,95.0
154.0,70.0,98.0,95.0
144.0,72.0,98.0,95.0
148.0,76.0,98.0,95.0
160.0,78.0,98.0,95.0
182.0,80.0,98.0,95.0
202.0,82.0,98.0,95.0
216.0,86.0,98.0,95.0
228.0,88.0,98.0,95.0
232.0,87.0,98.0,95.0
233.0,87.0,98.0,95.0
232.0,88.0,98.0,95.0
229.0,89.0,98.0,95.0
224.0,91.0,98.0,95.0
218.0,92.0,98.0,95.0
213.0,92.0,98.0,95.0
209.0,91.0,98.0,95.0
202.0,86.0,98.0,95.0
202.0,82.0,98.0,95.0
210.0,78.0,98.0,95.0
221.0,77.0,98.0,95.0
237.0,77.0,98.0,95.0
254.0,77.0,98.0,95.0
266.0,76.0,98.0,95.0
273.0,72.0,98.0,95.0
276.0,66.0,98.0,95.0
277.0,60.0,98.0,95.0
277.0,56.0,98.0,95.0
276.0,56.0,98.0,95.0
274.0,57.0,98.0,95.0
267.0,66.0,98.0,95.0
259.0,79.0,98.0,95.0
253.0,91.0,98.0,95.0
249.0,97.0,98.0,95.0
248.0,98.0,98.0,95.0
244.0,95.0,98.0,95.0
232.0,88.0,98.0,95.0
220.0,80.0,98.0,95.0
211.0,73.0,98.0,95.0
200.0,68.0,98.0,95.0
192.0,67.0,98.0,95.0
196.0,67.0,98.0,95.0
202.0,67.0,98.0,95.0
198.0,68.0,98.0,95.0
180.0,70.0,98.0,95.0
162.0,76.0,98.0,95.0
148.0,86.0,98.0,95.0
145.0,93.0,98.0,95.0
152.0,95.0,98.0,95.0
157.0,93.0,98.0,95.0
157.0,90.0,98.0,95.0
158.0,89.0,98.0,95.0
172.0,88.0,98.0,95.0
183.0,86.0,98.0,95.0
188.0,84.0,98.0,95.0
189.0,82.0,98.0,95.0
192.0,79.0,98.0,95.0
199.0,74.0,98.0,95.0
206.0,69.0,98.0,95.0
206.0,68.0,98.0,95.0
206.0,68.0,98.0,95.0
207.0,69.0,98.0,95.0
208.0,72.0,98.0,95.0
209.0,74.0,98.0,95.0
208.0,76.0,98.0,95.0
206.0,78.0,98.0,95.0
205.0,80.0,98.0,95.0
207.0,79.0,98.0,95.0
211.0,77.0,98.0,95.0
223.0,75.0,98.0,95.0
242.0,76.0,98.0,95.0
260.0,77.0,98.0,95.0
267.0,75.0,98.0,95.0
254.0,70.0,98.0,95.0
239.0,71.0,98.0,95.0
223.0,74.0,98.0,95.0
219.0,79.0,98.0,95.0
225.0,83.0,98.0,95.0
231.0,85.0,98.0,95.0
231.0,86.0,98.0,95.0
220.0,85.0,98.0,95.0
202.0,84.0,98.0,95.0
184.0,84.0,98.0,95.0
166.0,89.0,98.0,95.0
150.0,97.0,98.0,95.0
140.0,104.0,98.0,95.0
141.0,107.0,98.0,95.0
148.0,106.0,98.0,95.0
155.0,101.0,98.0,95.0
165.0,94.0,98.0,95.0
173.0,85.0,98.0,95.0
179.0,75.0,98.0,95.0
187.0,68.0,98.0,95.0
202.0,59.0,98.0,95.0
215.0,54.0,98.0,95.0
222.0,51.0,98.0,95.0
226.0,52.0,98.0,95.0
227.0,54.0,98.0,95.0
223.0,55.0,98.0,95.0
212.0,56.0,98.0,95.0
195.0,68.0,98.0,95.0
182.0,79.0,98.0,95.0
169.0,91.0,98.0,95.0
162.0,99.0,98.0,95.0
163.0,104.0,98.0,95.0
165.0,104.0,98.0,95.0
168.0,100.0,98.0,95.0
179.0,92.0,98.0,95.0
192.0,83.0,98.0,95.0
205.0,76.0,98.0,95.0
211.0,70.0,98.0,95.0
215.0,71.0,98.0,95.0
218.0,77.0,98.0,95.0
222.0,80.0,98.0,95.0
225.0,82.0,98.0,95.0
224.0,82.0,98.0,95.0
219.0,81.0,98.0,95.0
207.0,80.0,98.0,95.0
196.0,81.0,98.0,95.0
191.0,85.0,98.0,95.0
185.0,90.0,98.0,95.0
182.0,95.0,98.0,95.0
180.0,98.0,98.0,95.0
180.0,99.0,98.0,95.0
182.0,98.0,98.0,95.0
188.0,94.0,98.0,95.0
197.0,88.0,98.0,95.0
205.0,84.0,98.0,95.0
208.0,82.0,98.0,95.0
208.0,80.0,98.0,95.0
201.0,78.0,98.0,95.0
190.0,77.0,98.0,95.0
178.0,77.0,98.0,95.0
170.0,74.0,98.0,95.0
168.0,65.0,98.0,95.0
171.0,52.0,98.0,95.0
176.0,44.0,98.0,95.0
179.0,43.0,98.0,95.0
180.0,42.0,98.0,95.0
177.0,42.0,98.0,95.0
175.0,42.0,98.0,95.0
170.0,44.0,98.0,95.0
162.0,48.0,98.0,95.0
152.0,52.0,98.0,95.0
142.0,57.0,98.0,95.0
131.0,60.0,98.0,95.0
122.0,63.0,98.0,95.0
115.0,64.0,98.0,95.0
113.0,61.0,98.0,95.0
119.0,55.0,98.0,95.0
130.0,53.0,98.0,95.0
147.0,51.0,98.0,95.0
163.0,54.0,98.0,95.0
185.0,61.0,98.0,95.0
204.0,74.0,98.0,95.0
221.0,82.0,98.0,95.0
237.0,84.0,98.0,95.0
245.0,82.0,98.0,95.0
241.0,78.0,98.0,95.0
236.0,71.0,98.0,95.0
235.0,51.0,98.0,95.0
230.0,49.0,98.0,95.0
228.0,51.0,98.0,95.0
229.0,70.0,98.0,95.0
225.0,73.0,98.0,95.0
219.0,73.0,98.0,95.0
208.0,71.0,98.0,95.0
198.0,71.0,98.0,95.0
189.0,74.0,98.0,95.0
185.0,78.0,98.0,95.0
189.0,80.0,98.0,95.0
203.0,81.0,98.0,95.0
217.0,82.0,98.0,95.0
218.0,83.0,98.0,95.0
219.0,83.0,98.0,95.0
216.0,78.0,98.0,95.0
210.0,75.0,98.0,95.0
207.0,74.0,98.0,95.0
206.0,75.0,98.0,95.0
202.0,73.0,98.0,95.0
195.0,70.0,98.0,95.0
195.0,70.0,98.0,95.0
144.0,55.0,98.0,95.0
136.0,57.0,98.0,95.0
135.0,57.0,98.0,95.0
152.0,55.0,98.0,95.0
161.0,56.0,98.0,95.0
161.0,56.0,98.0,95.0
2
0
0
0
0
1
179.0,100.0,83.0,86.0
172.0,110.0,83.0,86.0
177.0,113.0,83.0,86.0
190.0,109.0,83.0,86.0
204.0,99.0,83.0,86.0
222.0,87.0,83.0,86.0
235.0,79.0,83.0,86.0
235.0,77.0,83.0,86.0
215.0,81.0,83.0,86.0
195.0,92.0,83.0,86.0
187.0,97.0,83.0,86.0
188.0,101.0,83.0,86.0
205.0,111.0,83.0,86.0
231.0,116.0,83.0,86.0
265.0,115.0,83.0,86.0
300.0,106.0,83.0,86.0
331.0,92.0,83.0,86.0
336.0,78.0,83.0,86.0
309.0,72.0,83.0,86.0
275.0,81.0,83.0,86.0
243.0,85.0,83.0,86.0
213.0,85.0,83.0,86.0
183.0,88.0,83.0,86.0
152.0,97.0,83.0,86.0
132.0,105.0,83.0,86.0
130.0,111.0,83.0,86.0
141.0,120.0,83.0,86.0
141.0,120.0,83.0,86.0
141.0,120.0,83.0,86.0
2
0
0
0
0
1
121.0,92.0,73.0,91.0
128.0,94.0,73.0,91.0
144.0,90.0,73.0,91.0
162.0,79.0,73.0,91.0
