1
239.0,165.0,122.0,117.0
238.0,168.0,122.0,117.0
237.0,171.0,122.0,117.0
236.0,174.0,122.0,117.0
236.0,174.0,122.0,117.0
236.0,174.0,122.0,117.0
236.0,174.0,122.0,117.0
236.0,174.0,122.0,117.0
236.0,174.0,122.0,117.0
236.0,174.0,122.0,117.0
236.0,174.0,122.0,117.0
221.0,202.0,122.0,117.0
221.0,202.0,122.0,117.0
221.0,202.0,122.0,117.0
221.0,202.0,122.0,117.0
221.0,202.0,122.0,117.0
221.0,202.0,122.0,117.0
221.0,202.0,122.0,117.0
221.0,202.0,122.0,117.0
206.0,228.0,122.0,117.0
206.0,228.0,122.0,117.0
206.0,228.0,122.0,117.0
206.0,228.0,122.0,117.0
206.0,228.0,122.0,117.0
206.0,228.0,122.0,117.0
206.0,228.0,122.0,117.0
206.0,228.0,122.0,117.0
225.0,234.0,122.0,117.0
225.0,234.0,122.0,117.0
225.0,234.0,122.0,117.0
225.0,234.0,122.0,117.0
225.0,234.0,122.0,117.0
225.0,234.0,122.0,117.0
225.0,234.0,122.0,117.0
2
0
0
0
0
1
265.0,215.0,117.0,96.0
271.0,234.0,117.0,96.0
274.0,238.0,117.0,96.0
269.0,236.0,117.0,96.0
269.0,236.0,117.0,96.0
269.0,236.0,117.0,96.0
269.0,236.0,117.0,96.0
269.0,236.0,117.0,96.0
269.0,236.0,117.0,96.0
269.0,236.0,117.0,96.0
269.0,236.0,117.0,96.0
264.0,234.0,117.0,96.0
264.0,234.0,117.0,96.0
264.0,234.0,117.0,96.0
264.0,234.0,117.0,96.0
264.0,234.0,117.0,96.0
264.0,234.0,117.0,96.0
264.0,234.0,117.0,96.0
264.0,234.0,117.0,96.0
203.0,210.0,117.0,96.0
203.0,210.0,117.0,96.0
203.0,210.0,117.0,96.0
203.0,210.0,117.0,96.0
2
0
0
0
0
1
239.0,166.0,118.0,105.0
247.0,181.0,118.0,105.0
252.0,196.0,118.0,105.0
266.0,209.0,118.0,105.0
266.0,209.0,118.0,105.0
266.0,209.0,118.0,105.0
266.0,209.0,118.0,105.0
266.0,209.0,118.0,105.0
266.0,209.0,118.0,105.0
266.0,209.0,118.0,105.0
266.0,209.0,118.0,105.0
280.0,222.0,118.0,105.0
280.0,222.0,118.0,105.0
280.0,222.0,118.0,105.0
280.0,222.0,118.0,105.0
280.0,222.0,118.0,105.0
280.0,222.0,118.0,105.0
280.0,222.0,118.0,105.0
280.0,222.0,118.0,105.0
325.0,152.0,118.0,105.0
325.0,152.0,118.0,105.0
325.0,152.0,118.0,105.0
325.0,152.0,118.0,105.0
325.0,152.0,118.0,105.0
325.0,152.0,118.0,105.0
325.0,152.0,118.0,105.0
325.0,152.0,118.0,105.0
2
0
0
0
0
1
274.0,189.0,117.0,94.0
294.0,215.0,117.0,94.0
305.0,225.0,117.0,94.0
290.0,207.0,117.0,94.0
290.0,207.0,117.0,94.0
290.0,207.0,117.0,94.0
290.0,207.0,117.0,94.0
2
0
0
0
0
1
234.0,189.0,108.0,106.0
230.0,203.0,108.0,106.0
227.0,200.0,108.0,106.0
234.0,192.0,108.0,106.0
234.0,192.0,108.0,106.0
234.0,192.0,108.0,106.0
234.0,192.0,108.0,106.0
234.0,192.0,108.0,106.0
234.0,192.0,108.0,106.0
234.0,192.0,108.0,106.0
234.0,192.0,108.0,106.0
234.0,192.0,108.0,106.0
234.0,192.0,108.0,106.0
241.0,184.0,108.0,106.0
241.0,184.0,108.0,106.0
241.0,184.0,108.0,106.0
241.0,184.0,108.0,106.0
241.0,184.0,108.0,106.0
241.0,184.0,108.0,106.0
241.0,184.0,108.0,106.0
241.0,184.0,108.0,106.0
241.0,184.0,108.0,106.0
241.0,184.0,108.0,106.0
229.0,206.0,108.0,106.0
229.0,206.0,108.0,106.0
229.0,206.0,108.0,106.0
229.0,206.0,108.0,106.0
229.0,206.0,108.0,106.0
229.0,206.0,108.0,106.0
229.0,206.0,108.0,106.0
229.0,206.0,108.0,106.0
229.0,206.0,108.0,106.0
2
0
0
0
0
1
234.0,193.0,116.0,108.0
240.0,206.0,116.0,108.0
228.0,213.0,116.0,108.0
194.0,214.0,116.0,108.0
194.0,214.0,116.0,108.0
194.0,214.0,116.0,108.0
194.0,214.0,116.0,108.0
194.0,214.0,116.0,108.0
194.0,214.0,116.0,108.0
194.0,214.0,116.0,108.0
194.0,214.0,116.0,108.0
160.0,215.0,116.0,108.0
160.0,215.0,116.0,108.0
160.0,215.0,116.0,108.0
160.0,215.0,116.0,108.0
160.0,215.0,116.0,108.0
160.0,215.0,116.0,108.0
160.0,215.0,116.0,108.0
160.0,215.0,116.0,108.0
184.0,239.0,116.0,108.0
184.0,239.0,116.0,108.0
184.0,239.0,116.0,108.0
184.0,239.0,116.0,108.0
184.0,239.0,116.0,108.0
184.0,239.0,116.0,108.0
184.0,239.0,116.0,108.0
184.0,239.0,116.0,108.0
190.0,212.0,116.0,108.0
190.0,212.0,116.0,108.0
190.0,212.0,116.0,108.0
190.0,212.0,116.0,108.0
190.0,212.0,116.0,108.0
190.0,212.0,116.0,108.0
190.0,212.0,116.0,108.0
190.0,212.0,116.0,108.0
166.0,182.0,116.0,108.0
166.0,182.0,116.0,108.0
166.0,182.0,116.0,108.0
166.0,182.0,116.0,108.0
2
0
0
0
0
1
181.0,196.0,113.0,104.0
151.0,182.0,113.0,104.0
147.0,180.0,113.0,104.0
166.0,181.0,113.0,104.0
166.0,181.0,113.0,104.0
166.0,181.0,113.0,104.0
166.0,181.0,113.0,104.0
166.0,181.0,113.0,104.0
166.0,181.0,113.0,104.0
166.0,181.0,113.0,104.0
166.0,181.0,113.0,104.0
166.0,181.0,113.0,104.0
166.0,181.0,113.0,104.0
166.0,181.0,113.0,104.0
166.0,181.0,113.0,104.0
166.0,181.0,113.0,104.0
198.0,234.0,113.0,104.0
198.0,234.0,113.0,104.0
198.0,234.0,113.0,104.0
198.0,234.0,113.0,104.0
198.0,234.0,113.0,104.0
198.0,234.0,113.0,104.0
198.0,234.0,113.0,104.0
198.0,234.0,113.0,104.0
198.0,234.0,113.0,104.0
198.0,234.0,113.0,104.0
198.0,234.0,113.0,104.0
198.0,234.0,113.0,104.0
198.0,234.0,113.0,104.0
198.0,234.0,113.0,104.0
194.0,179.0,113.0,104.0
194.0,179.0,113.0,104.0
194.0,179.0,113.0,104.0
194.0,179.0,113.0,104.0
194.0,179.0,113.0,104.0
194.0,179.0,113.0,104.0
194.0,179.0,113.0,104.0
194.0,179.0,113.0,104.0
194.0,179.0,113.0,104.0
194.0,179.0,113.0,104.0
194.0,179.0,113.0,104.0
194.0,179.0,113.0,104.0
194.0,179.0,113.0,104.0
226.0,235.0,113.0,104.0
226.0,235.0,113.0,104.0
226.0,235.0,113.0,104.0
226.0,235.0,113.0,104.0
226.0,235.0,113.0,104.0
226.0,235.0,113.0,104.0
226.0,235.0,113.0,104.0
226.0,235.0,113.0,104.0
226.0,235.0,113.0,104.0
226.0,235.0,113.0,104.0
226.0,235.0,113.0,104.0
226.0,235.0,113.0,104.0
226.0,235.0,113.0,104.0
259.0,232.0,113.0,104.0
259.0,232.0,113.0,104.0
259.0,232.0,113.0,104.0
259.0,232.0,113.0,104.0
259.0,232.0,113.0,104.0
259.0,232.0,113.0,104.0
259.0,232.0,113.0,104.0
259.0,232.0,113.0,104.0
259.0,232.0,113.0,104.0
259.0,232.0,113.0,104.0
259.0,232.0,113.0,104.0
259.0,232.0,113.0,104.0
259.0,232.0,113.0,104.0
242.0,181.0,113.0,104.0
242.0,181.0,113.0,104.0
242.0,181.0,113.0,104.0
242.0,181.0,113.0,104.0
242.0,181.0,113.0,104.0
242.0,181.0,113.0,104.0
242.0,181.0,113.0,104.0
242.0,181.0,113.0,104.0
242.0,181.0,113.0,104.0
242.0,181.0,113.0,104.0
242.0,181.0,113.0,104.0
242.0,181.0,113.0,104.0
242.0,181.0,113.0,104.0
218.0,211.0,113.0,104.0
218.0,211.0,113.0,104.0
218.0,211.0,113.0,104.0
218.0,211.0,113.0,104.0
218.0,211.0,113.0,104.0
218.0,211.0,113.0,104.0
218.0,211.0,113.0,104.0
218.0,211.0,113.0,104.0
218.0,211.0,113.0,104.0
218.0,211.0,113.0,104.0
218.0,211.0,113.0,104.0
218.0,211.0,113.0,104.0
218.0,211.0,113.0,104.0
263.0,221.0,113.0,104.0
263.0,221.0,113.0,104.0
263.0,221.0,113.0,104.0
263.0,221.0,113.0,104.0
263.0,221.0,113.0,104.0
263.0,221.0,113.0,104.0
263.0,221.0,113.0,104.0
263.0,221.0,113.0,104.0
263.0,221.0,113.0,104.0
263.0,221.0,113.0,104.0
263.0,221.0,113.0,104.0
263.0,221.0,113.0,104.0
263.0,221.0,113.0,104.0
263.0,221.0,113.0,104.0
267.0,220.0,113.0,104.0
267.0,220.0,113.0,104.0
267.0,220.0,113.0,104.0
267.0,220.0,113.0,104.0
267.0,220.0,113.0,104.0
267.0,220.0,113.0,104.0
267.0,220.0,113.0,104.0
267.0,220.0,113.0,104.0
267.0,220.0,113.0,104.0
267.0,220.0,113.0,104.0
267.0,220.0,113.0,104.0
267.0,220.0,113.0,104.0
267.0,220.0,113.0,104.0
288.0,218.0,113.0,104.0
288.0,218.0,113.0,104.0
288.0,218.0,113.0,104.0
288.0,218.0,113.0,104.0
288.0,218.0,113.0,104.0
288.0,218.0,113.0,104.0
288.0,218.0,113.0,104.0
288.0,218.0,113.0,104.0
288.0,218.0,113.0,104.0
288.0,218.0,113.0,104.0
288.0,218.0,113.0,104.0
288.0,218.0,113.0,104.0
288.0,218.0,113.0,104.0
267.0,197.0,113.0,104.0
267.0,197.0,113.0,104.0
267.0,197.0,113.0,104.0
267.0,197.0,113.0,104.0
267.0,197.0,113.0,104.0
267.0,197.0,113.0,104.0
267.0,197.0,113.0,104.0
267.0,197.0,113.0,104.0
267.0,197.0,113.0,104.0
267.0,197.0,113.0,104.0
267.0,197.0,113.0,104.0
267.0,197.0,113.0,104.0
267.0,197.0,113.0,104.0
276.0,234.0,113.0,104.0
276.0,234.0,113.0,104.0
276.0,234.0,113.0,104.0
276.0,234.0,113.0,104.0
276.0,234.0,113.0,104.0
276.0,234.0,113.0,104.0
276.0,234.0,113.0,104.0
276.0,234.0,113.0,104.0
276.0,234.0,113.0,104.0
276.0,234.0,113.0,104.0
276.0,234.0,113.0,104.0
276.0,234.0,113.0,104.0
276.0,234.0,113.0,104.0
244.0,211.0,113.0,104.0
244.0,211.0,113.0,104.0
244.0,211.0,113.0,104.0
244.0,211.0,113.0,104.0
244.0,211.0,113.0,104.0
244.0,211.0,113.0,104.0
244.0,211.0,113.0,104.0
244.0,211.0,113.0,104.0
244.0,211.0,113.0,104.0
244.0,211.0,113.0,104.0
244.0,211.0,113.0,104.0
244.0,211.0,113.0,104.0
244.0,211.0,113.0,104.0
228.0,211.0,113.0,104.0
228.0,211.0,113.0,104.0
228.0,211.0,113.0,104.0
228.0,211.0,113.0,104.0
228.0,211.0,113.0,104.0
228.0,211.0,113.0,104.0
228.0,211.0,113.0,104.0
228.0,211.0,113.0,104.0
228.0,211.0,113.0,104.0
228.0,211.0,113.0,104.0
228.0,211.0,113.0,104.0
228.0,211.0,113.0,104.0
228.0,211.0,113.0,104.0
329.0,218.0,113.0,104.0
329.0,218.0,113.0,104.0
329.0,218.0,113.0,104.0
329.0,218.0,113.0,104.0
329.0,218.0,113.0,104.0
329.0,218.0,113.0,104.0
329.0,218.0,113.0,104.0
329.0,218.0,113.0,104.0
329.0,218.0,113.0,104.0
329.0,218.0,113.0,104.0
329.0,218.0,113.0,104.0
329.0,218.0,113.0,104.0
329.0,218.0,113.0,104.0
356.0,238.0,113.0,104.0
356.0,238.0,113.0,104.0
356.0,238.0,113.0,104.0
356.0,238.0,113.0,104.0
356.0,238.0,113.0,104.0
356.0,238.0,113.0,104.0
356.0,238.0,113.0,104.0
2
0
0
0
0
1
246.0,216.0,103.0,81.0
235.0,190.0,103.0,81.0
229.0,183.0,103.0,81.0
224.0,188.0,103.0,81.0
224.0,188.0,103.0,81.0
224.0,188.0,103.0,81.0
224.0,188.0,103.0,81.0
224.0,188.0,103.0,81.0
224.0,188.0,103.0,81.0
224.0,188.0,103.0,81.0
224.0,188.0,103.0,81.0
224.0,188.0,103.0,81.0
224.0,188.0,103.0,81.0
219.0,193.0,103.0,81.0
219.0,193.0,103.0,81.0
219.0,193.0,103.0,81.0
219.0,193.0,103.0,81.0
219.0,193.0,103.0,81.0
219.0,193.0,103.0,81.0
219.0,193.0,103.0,81.0
219.0,193.0,103.0,81.0
219.0,193.0,103.0,81.0
219.0,193.0,103.0,81.0
241.0,209.0,103.0,81.0
241.0,209.0,103.0,81.0
241.0,209.0,103.0,81.0
241.0,209.0,103.0,81.0
241.0,209.0,103.0,81.0
241.0,209.0,103.0,81.0
241.0,209.0,103.0,81.0
241.0,209.0,103.0,81.0
241.0,209.0,103.0,81.0
241.0,209.0,103.0,81.0
263.0,214.0,103.0,81.0
263.0,214.0,103.0,81.0
2
0
0
0
0
1
303.0,221.0,97.0,83.0
296.0,208.0,97.0,83.0
291.0,197.0,97.0,83.0
289.0,179.0,97.0,83.0
289.0,179.0,97.0,83.0
289.0,179.0,97.0,83.0
2
0
0
0
0
1
282.0,227.0,95.0,76.0
273.0,238.0,95.0,76.0
268.0,243.0,95.0,76.0
273.0,247.0,95.0,76.0
273.0,247.0,95.0,76.0
273.0,247.0,95.0,76.0
273.0,247.0,95.0,76.0
273.0,247.0,95.0,76.0
273.0,247.0,95.0,76.0
273.0,247.0,95.0,76.0
273.0,247.0,95.0,76.0
273.0,247.0,95.0,76.0
273.0,247.0,95.0,76.0
297.0,264.0,95.0,76.0
297.0,264.0,95.0,76.0
297.0,264.0,95.0,76.0
297.0,264.0,95.0,76.0
297.0,264.0,95.0,76.0
297.0,264.0,95.0,76.0
2
0
0
0
0
1
347.0,262.0,94.0,79.0
342.0,272.0,94.0,79.0
327.0,273.0,94.0,79.0
293.0,277.0,94.0,79.0
293.0,277.0,94.0,79.0
293.0,277.0,94.0,79.0
293.0,277.0,94.0,79.0
293.0,277.0,94.0,79.0
293.0,277.0,94.0,79.0
293.0,277.0,94.0,79.0
2
0
0
0
0
1
315.0,237.0,95.0,75.0
280.0,240.0,95.0,75.0
238.0,238.0,95.0,75.0
197.0,238.0,95.0,75.0
197.0,238.0,95.0,75.0
197.0,238.0,95.0,75.0
197.0,238.0,95.0,75.0
197.0,238.0,95.0,75.0
197.0,238.0,95.0,75.0
197.0,238.0,95.0,75.0
2
0
0
0
0
1
156.0,213.0,98.0,84.0
155.0,208.0,98.0,84.0
154.0,203.0,98.0,84.0
153.0,198.0,98.0,84.0
153.0,198.0,98.0,84.0
153.0,198.0,98.0,84.0
153.0,198.0,98.0,84.0
153.0,198.0,98.0,84.0
153.0,198.0,98.0,84.0
153.0,198.0,98.0,84.0
153.0,198.0,98.0,84.0
153.0,198.0,98.0,84.0
153.0,198.0,98.0,84.0
2
0
0
0
0
1
249.0,144.0,98.0,88.0
234.0,155.0,98.0,88.0
226.0,176.0,98.0,88.0
222.0,211.0,98.0,88.0
222.0,211.0,98.0,88.0
222.0,211.0,98.0,88.0
222.0,211.0,98.0,88.0
222.0,211.0,98.0,88.0
222.0,211.0,98.0,88.0
222.0,211.0,98.0,88.0
222.0,211.0,98.0,88.0
222.0,211.0,98.0,88.0
222.0,211.0,98.0,88.0
274.0,171.0,98.0,88.0
274.0,171.0,98.0,88.0
274.0,171.0,98.0,88.0
274.0,171.0,98.0,88.0
2
0
0
0
0
1
273.0,238.0,95.0,84.0
274.0,235.0,95.0,84.0
275.0,232.0,95.0,84.0
254.0,223.0,95.0,84.0
254.0,223.0,95.0,84.0
254.0,223.0,95.0,84.0
254.0,223.0,95.0,84.0
254.0,223.0,95.0,84.0
254.0,223.0,95.0,84.0
254.0,223.0,95.0,84.0
254.0,223.0,95.0,84.0
254.0,223.0,95.0,84.0
254.0,223.0,95.0,84.0
268.0,218.0,95.0,84.0
268.0,218.0,95.0,84.0
268.0,218.0,95.0,84.0
268.0,218.0,95.0,84.0
268.0,218.0,95.0,84.0
268.0,218.0,95.0,84.0
268.0,218.0,95.0,84.0
268.0,218.0,95.0,84.0
268.0,218.0,95.0,84.0
268.0,218.0,95.0,84.0
264.0,251.0,95.0,84.0
264.0,251.0,95.0,84.0
264.0,251.0,95.0,84.0
264.0,251.0,95.0,84.0
264.0,251.0,95.0,84.0
264.0,251.0,95.0,84.0
264.0,251.0,95.0,84.0
264.0,251.0,95.0,84.0
264.0,251.0,95.0,84.0
264.0,251.0,95.0,84.0
274.0,230.0,95.0,84.0
274.0,230.0,95.0,84.0
274.0,230.0,95.0,84.0
274.0,230.0,95.0,84.0
274.0,230.0,95.0,84.0
274.0,230.0,95.0,84.0
274.0,230.0,95.0,84.0
274.0,230.0,95.0,84.0
274.0,230.0,95.0,84.0
274.0,230.0,95.0,84.0
250.0,238.0,95.0,84.0
250.0,238.0,95.0,84.0
250.0,238.0,95.0,84.0
250.0,238.0,95.0,84.0
250.0,238.0,95.0,84.0
250.0,238.0,95.0,84.0
250.0,238.0,95.0,84.0
250.0,238.0,95.0,84.0
250.0,238.0,95.0,84.0
250.0,238.0,95.0,84.0
240.0,223.0,95.0,84.0
240.0,223.0,95.0,84.0
240.0,223.0,95.0,84.0
240.0,223.0,95.0,84.0
240.0,223.0,95.0,84.0
240.0,223.0,95.0,84.0
240.0,223.0,95.0,84.0
240.0,223.0,95.0,84.0
240.0,223.0,95.0,84.0
240.0,223.0,95.0,84.0
254.0,232.0,95.0,84.0
254.0,232.0,95.0,84.0
254.0,232.0,95.0,84.0
254.0,232.0,95.0,84.0
254.0,232.0,95.0,84.0
254.0,232.0,95.0,84.0
254.0,232.0,95.0,84.0
254.0,232.0,95.0,84.0
254.0,232.0,95.0,84.0
254.0,232.0,95.0,84.0
238.0,256.0,95.0,84.0
238.0,256.0,95.0,84.0
238.0,256.0,95.0,84.0
238.0,256.0,95.0,84.0
238.0,256.0,95.0,84.0
238.0,256.0,95.0,84.0
238.0,256.0,95.0,84.0
238.0,256.0,95.0,84.0
238.0,256.0,95.0,84.0
238.0,256.0,95.0,84.0
239.0,231.0,95.0,84.0
239.0,231.0,95.0,84.0
239.0,231.0,95.0,84.0
239.0,231.0,95.0,84.0
239.0,231.0,95.0,84.0
239.0,231.0,95.0,84.0
239.0,231.0,95.0,84.0
239.0,231.0,95.0,84.0
239.0,231.0,95.0,84.0
239.0,231.0,95.0,84.0
240.0,206.0,95.0,84.0
240.0,206.0,95.0,84.0
240.0,206.0,95.0,84.0
240.0,206.0,95.0,84.0
240.0,206.0,95.0,84.0
240.0,206.0,95.0,84.0
240.0,206.0,95.0,84.0
240.0,206.0,95.0,84.0
240.0,206.0,95.0,84.0
240.0,206.0,95.0,84.0
223.0,268.0,95.0,84.0
223.0,268.0,95.0,84.0
223.0,268.0,95.0,84.0
223.0,268.0,95.0,84.0
223.0,268.0,95.0,84.0
223.0,268.0,95.0,84.0
223.0,268.0,95.0,84.0
223.0,268.0,95.0,84.0
223.0,268.0,95.0,84.0
223.0,268.0,95.0,84.0
249.0,215.0,95.0,84.0
249.0,215.0,95.0,84.0
249.0,215.0,95.0,84.0
249.0,215.0,95.0,84.0
249.0,215.0,95.0,84.0
249.0,215.0,95.0,84.0
249.0,215.0,95.0,84.0
249.0,215.0,95.0,84.0
249.0,215.0,95.0,84.0
249.0,215.0,95.0,84.0
247.0,184.0,95.0,84.0
247.0,184.0,95.0,84.0
247.0,184.0,95.0,84.0
247.0,184.0,95.0,84.0
247.0,184.0,95.0,84.0
247.0,184.0,95.0,84.0
247.0,184.0,95.0,84.0
247.0,184.0,95.0,84.0
247.0,184.0,95.0,84.0
247.0,184.0,95.0,84.0
288.0,198.0,95.0,84.0
288.0,198.0,95.0,84.0
288.0,198.0,95.0,84.0
288.0,198.0,95.0,84.0
288.0,198.0,95.0,84.0
288.0,198.0,95.0,84.0
288.0,198.0,95.0,84.0
288.0,198.0,95.0,84.0
288.0,198.0,95.0,84.0
288.0,198.0,95.0,84.0
293.0,249.0,95.0,86.0
293.0,249.0,95.0,86.0
293.0,249.0,95.0,86.0
293.0,249.0,95.0,86.0
293.0,249.0,95.0,86.0
293.0,249.0,95.0,86.0
293.0,249.0,95.0,86.0
293.0,249.0,95.0,86.0
293.0,249.0,95.0,86.0
293.0,249.0,95.0,86.0
292.0,250.0,95.0,86.0
292.0,250.0,95.0,86.0
292.0,250.0,95.0,86.0
292.0,250.0,95.0,86.0
292.0,250.0,95.0,86.0
292.0,250.0,95.0,86.0
292.0,250.0,95.0,86.0
292.0,250.0,95.0,86.0
292.0,250.0,95.0,86.0
292.0,250.0,95.0,86.0
307.0,253.0,95.0,86.0
307.0,253.0,95.0,86.0
307.0,253.0,95.0,86.0
307.0,253.0,95.0,86.0
307.0,253.0,95.0,86.0
307.0,253.0,95.0,86.0
307.0,253.0,95.0,86.0
307.0,253.0,95.0,86.0
307.0,253.0,95.0,86.0
307.0,253.0,95.0,86.0
280.0,208.0,95.0,86.0
280.0,208.0,95.0,86.0
280.0,208.0,95.0,86.0
280.0,208.0,95.0,86.0
280.0,208.0,95.0,86.0
