1
497.0,403.0,40.0,42.0
499.0,390.0,40.0,42.0
499.0,380.0,40.0,42.0
499.0,373.0,40.0,42.0
499.0,373.0,40.0,42.0
499.0,373.0,40.0,42.0
499.0,373.0,40.0,42.0
499.0,373.0,40.0,42.0
499.0,373.0,40.0,42.0
499.0,373.0,40.0,42.0
499.0,373.0,40.0,42.0
2
0
0
0
0
1
506.0,325.0,47.0,46.0
503.0,310.0,47.0,46.0
500.0,295.0,47.0,46.0
493.0,292.0,47.0,46.0
493.0,292.0,47.0,46.0
493.0,292.0,47.0,46.0
493.0,292.0,47.0,46.0
493.0,292.0,47.0,46.0
493.0,292.0,47.0,46.0
2
0
0
0
0
1
518.0,409.0,44.0,43.0
520.0,388.0,44.0,43.0
522.0,367.0,44.0,43.0
524.0,346.0,44.0,43.0
524.0,346.0,44.0,43.0
524.0,346.0,44.0,43.0
524.0,346.0,44.0,43.0
524.0,346.0,44.0,43.0
524.0,346.0,44.0,43.0
524.0,346.0,44.0,43.0
524.0,346.0,44.0,43.0
524.0,346.0,44.0,43.0
524.0,346.0,44.0,43.0
554.0,378.0,44.0,43.0
554.0,378.0,44.0,43.0
554.0,378.0,44.0,43.0
554.0,378.0,44.0,43.0
2
0
0
0
0
1
501.0,247.0,41.0,40.0
492.0,243.0,41.0,40.0
483.0,242.0,41.0,40.0
475.0,244.0,41.0,40.0
475.0,244.0,41.0,40.0
475.0,244.0,41.0,40.0
475.0,244.0,41.0,40.0
2
0
0
0
0
1
2
0
0
0
0
1
396.0,348.0,45.0,43.0
394.0,357.0,45.0,43.0
391.0,367.0,45.0,43.0
388.0,377.0,45.0,43.0
388.0,377.0,45.0,43.0
388.0,377.0,45.0,43.0
2
0
0
0
0
1
386.0,383.0,46.0,44.0
386.0,375.0,46.0,44.0
387.0,370.0,46.0,44.0
387.0,368.0,46.0,44.0
387.0,368.0,46.0,44.0
387.0,368.0,46.0,44.0
387.0,368.0,46.0,44.0
387.0,368.0,46.0,44.0
387.0,368.0,46.0,44.0
2
0
0
0
0
1
423.0,375.0,47.0,43.0
429.0,361.0,47.0,43.0
435.0,349.0,47.0,43.0
