1
183.0,208.0,45.0099983215332,110.9800033569336
181.0,208.0,45.0099983215332,110.9800033569336
179.0,208.0,45.0099983215332,110.9800033569336
177.0,208.0,45.0099983215332,110.9800033569336
175.0,209.0,45.0099983215332,110.9800033569336
174.0,210.0,45.0099983215332,110.9800033569336
173.0,211.0,45.0099983215332,110.9800033569336
173.0,211.0,45.0099983215332,110.9800033569336
175.0,211.0,45.0099983215332,110.9800033569336
177.0,211.0,45.0099983215332,110.9800033569336
180.0,211.0,45.0099983215332,110.9800033569336
183.0,211.0,45.0099983215332,110.9800033569336
186.0,210.0,45.0099983215332,110.9800033569336
188.0,209.0,45.0099983215332,110.9800033569336
191.0,208.0,45.0099983215332,110.9800033569336
196.0,206.0,45.0099983215332,110.9800033569336
201.0,204.0,45.0099983215332,110.9800033569336
205.0,203.0,45.0099983215332,110.9800033569336
210.0,203.0,45.0099983215332,110.9800033569336
216.0,204.0,45.0099983215332,110.9800033569336
222.0,205.0,45.0099983215332,110.9800033569336
227.0,206.0,45.0099983215332,110.9800033569336
232.0,206.0,45.0099983215332,110.9800033569336
237.0,206.0,45.0099983215332,110.9800033569336
242.0,205.0,45.0099983215332,110.9800033569336
248.0,204.0,45.0099983215332,110.9800033569336
254.0,203.0,45.0099983215332,110.9800033569336
260.0,202.0,45.0099983215332,110.9800033569336
267.0,202.0,45.0099983215332,110.9800033569336
273.0,203.0,45.0099983215332,110.9800033569336
279.0,205.0,45.0099983215332,110.9800033569336
285.0,207.0,45.0099983215332,110.9800033569336
291.0,210.0,45.0099983215332,110.9800033569336
296.0,212.0,45.0099983215332,110.9800033569336
301.0,213.0,45.0099983215332,110.9800033569336
305.0,213.0,45.0099983215332,110.9800033569336
309.0,213.0,45.0099983215332,110.9800033569336
313.0,213.0,45.0099983215332,110.9800033569336
317.0,213.0,45.0099983215332,110.9800033569336
320.0,213.0,45.0099983215332,110.9800033569336
323.0,214.0,45.0099983215332,110.9800033569336
324.0,213.0,45.0099983215332,110.9800033569336
324.0,211.0,45.0099983215332,110.9800033569336
323.0,209.0,45.0099983215332,110.9800033569336
322.0,207.0,45.0099983215332,110.9800033569336
322.0,206.0,45.0099983215332,110.9800033569336
322.0,205.0,45.0099983215332,110.9800033569336
322.0,205.0,45.0099983215332,110.9800033569336
322.0,206.0,45.0099983215332,110.9800033569336
322.0,207.0,45.0099983215332,110.9800033569336
322.0,208.0,45.0099983215332,110.9800033569336
321.0,208.0,45.0099983215332,110.9800033569336
320.0,208.0,45.0099983215332,110.9800033569336
319.0,208.0,45.0099983215332,110.9800033569336
319.0,208.0,45.0099983215332,110.9800033569336
319.0,207.0,45.0099983215332,110.9800033569336
319.0,206.0,45.0099983215332,110.9800033569336
319.0,205.0,45.0099983215332,110.9800033569336
319.0,203.0,45.0099983215332,110.9800033569336
2
0
0
0
0
1
217.0,229.0,88.94999694824219,110.79000091552734
212.0,229.0,88.94999694824219,110.79000091552734
208.0,229.0,88.94999694824219,110.79000091552734
204.0,229.0,88.94999694824219,110.79000091552734
200.0,229.0,88.94999694824219,110.79000091552734
195.0,229.0,88.94999694824219,110.79000091552734
189.0,228.0,88.94999694824219,110.79000091552734
182.0,227.0,88.94999694824219,110.79000091552734
176.0,227.0,88.94999694824219,110.79000091552734
170.0,227.0,88.94999694824219,110.79000091552734
164.0,227.0,88.94999694824219,110.79000091552734
158.0,227.0,88.94999694824219,110.79000091552734
153.0,227.0,88.94999694824219,110.79000091552734
149.0,227.0,88.94999694824219,110.79000091552734
145.0,227.0,88.94999694824219,110.79000091552734
141.0,227.0,88.94999694824219,110.79000091552734
137.0,226.0,88.94999694824219,110.79000091552734
133.0,225.0,88.94999694824219,110.79000091552734
129.0,224.0,88.94999694824219,110.79000091552734
125.0,223.0,88.94999694824219,110.79000091552734
122.0,223.0,88.94999694824219,110.79000091552734
119.0,224.0,88.94999694824219,110.79000091552734
116.0,225.0,88.94999694824219,110.79000091552734
114.0,225.0,88.94999694824219,110.79000091552734
112.0,225.0,88.94999694824219,110.79000091552734
111.0,224.0,88.94999694824219,110.79000091552734
110.0,223.0,88.94999694824219,110.79000091552734
115.0,222.0,88.94999694824219,110.79000091552734
120.0,221.0,88.94999694824219,110.79000091552734
123.0,220.0,88.94999694824219,110.79000091552734
124.0,220.0,88.94999694824219,110.79000091552734
125.0,220.0,88.94999694824219,110.79000091552734
125.0,220.0,88.94999694824219,110.79000091552734
126.0,220.0,88.94999694824219,110.79000091552734
129.0,219.0,88.94999694824219,110.79000091552734
132.0,218.0,88.94999694824219,110.79000091552734
136.0,216.0,88.94999694824219,110.79000091552734
139.0,213.0,88.94999694824219,110.79000091552734
142.0,209.0,88.94999694824219,110.79000091552734
145.0,206.0,88.94999694824219,110.79000091552734
148.0,204.0,88.94999694824219,110.79000091552734
151.0,203.0,88.94999694824219,110.79000091552734
154.0,202.0,88.94999694824219,110.79000091552734
156.0,202.0,88.94999694824219,110.79000091552734
158.0,202.0,88.94999694824219,110.79000091552734
161.0,203.0,88.94999694824219,110.79000091552734
171.0,204.0,88.94999694824219,110.79000091552734
182.0,204.0,88.94999694824219,110.79000091552734
194.0,204.0,88.94999694824219,110.79000091552734
2
0
0
0
0
1
178.0,185.0,33.380001068115234,107.45999908447266
183.0,183.0,33.380001068115234,107.45999908447266
187.0,180.0,33.380001068115234,107.45999908447266
190.0,178.0,33.380001068115234,107.45999908447266
193.0,176.0,33.380001068115234,107.45999908447266
196.0,174.0,33.380001068115234,107.45999908447266
199.0,173.0,33.380001068115234,107.45999908447266
202.0,173.0,33.380001068115234,107.45999908447266
205.0,174.0,33.380001068115234,107.45999908447266
208.0,175.0,33.380001068115234,107.45999908447266
211.0,174.0,33.380001068115234,107.45999908447266
214.0,173.0,33.380001068115234,107.45999908447266
216.0,171.0,33.380001068115234,107.45999908447266
220.0,167.0,33.380001068115234,107.45999908447266
223.0,163.0,33.380001068115234,107.45999908447266
225.0,161.0,33.380001068115234,107.45999908447266
227.0,160.0,33.380001068115234,107.45999908447266
228.0,160.0,33.380001068115234,107.45999908447266
229.0,160.0,33.380001068115234,107.45999908447266
230.0,161.0,33.380001068115234,107.45999908447266
231.0,161.0,33.380001068115234,107.45999908447266
232.0,161.0,33.380001068115234,107.45999908447266
233.0,160.0,33.380001068115234,107.45999908447266
234.0,158.0,33.380001068115234,107.45999908447266
235.0,156.0,33.380001068115234,107.45999908447266
237.0,155.0,33.380001068115234,107.45999908447266
238.0,154.0,33.380001068115234,107.45999908447266
239.0,154.0,33.380001068115234,107.45999908447266
241.0,155.0,33.380001068115234,107.45999908447266
243.0,156.0,33.380001068115234,107.45999908447266
245.0,157.0,33.380001068115234,107.45999908447266
248.0,157.0,33.380001068115234,107.45999908447266
251.0,156.0,33.380001068115234,107.45999908447266
254.0,155.0,33.380001068115234,107.45999908447266
257.0,154.0,33.380001068115234,107.45999908447266
260.0,153.0,33.380001068115234,107.45999908447266
263.0,152.0,33.380001068115234,107.45999908447266
266.0,152.0,33.380001068115234,107.45999908447266
268.0,152.0,33.380001068115234,107.45999908447266
269.0,152.0,33.380001068115234,107.45999908447266
269.0,152.0,33.380001068115234,107.45999908447266
269.0,152.0,33.380001068115234,107.45999908447266
270.0,151.0,33.380001068115234,107.45999908447266
272.0,150.0,33.380001068115234,107.45999908447266
275.0,149.0,33.380001068115234,107.45999908447266
277.0,148.0,33.380001068115234,107.45999908447266
280.0,148.0,33.380001068115234,107.45999908447266
282.0,148.0,33.380001068115234,107.45999908447266
284.0,149.0,33.380001068115234,107.45999908447266
286.0,150.0,33.380001068115234,107.45999908447266
289.0,151.0,33.380001068115234,107.45999908447266
292.0,151.0,33.380001068115234,107.45999908447266
294.0,151.0,33.380001068115234,107.45999908447266
296.0,150.0,33.380001068115234,107.45999908447266
297.0,149.0,33.380001068115234,107.45999908447266
298.0,148.0,33.380001068115234,107.45999908447266
300.0,147.0,33.380001068115234,107.45999908447266
301.0,146.0,33.380001068115234,107.45999908447266
301.0,146.0,33.380001068115234,107.45999908447266
300.0,146.0,33.380001068115234,107.45999908447266
299.0,146.0,33.380001068115234,107.45999908447266
297.0,146.0,33.380001068115234,107.45999908447266
295.0,146.0,33.380001068115234,107.45999908447266
293.0,145.0,33.380001068115234,107.45999908447266
292.0,144.0,33.380001068115234,107.45999908447266
291.0,143.0,33.380001068115234,107.45999908447266
291.0,143.0,33.380001068115234,107.45999908447266
291.0,143.0,33.380001068115234,107.45999908447266
291.0,144.0,33.380001068115234,107.45999908447266
291.0,145.0,33.380001068115234,107.45999908447266
291.0,146.0,33.380001068115234,107.45999908447266
291.0,147.0,33.380001068115234,107.45999908447266
293.0,148.0,33.380001068115234,107.45999908447266
294.0,148.0,33.380001068115234,107.45999908447266
294.0,148.0,33.380001068115234,107.45999908447266
294.0,148.0,33.380001068115234,107.45999908447266
293.0,148.0,33.380001068115234,107.45999908447266
292.0,149.0,33.380001068115234,107.45999908447266
292.0,150.0,33.380001068115234,107.45999908447266
292.0,151.0,33.380001068115234,107.45999908447266
293.0,151.0,33.380001068115234,107.45999908447266
295.0,151.0,33.380001068115234,107.45999908447266
297.0,151.0,33.380001068115234,107.45999908447266
299.0,151.0,33.380001068115234,107.45999908447266
301.0,151.0,33.380001068115234,107.45999908447266
303.0,151.0,33.380001068115234,107.45999908447266
305.0,151.0,33.380001068115234,107.45999908447266
306.0,152.0,33.380001068115234,107.45999908447266
307.0,153.0,33.380001068115234,107.45999908447266
307.0,154.0,33.380001068115234,107.45999908447266
306.0,154.0,33.380001068115234,107.45999908447266
305.0,155.0,33.380001068115234,107.45999908447266
304.0,156.0,33.380001068115234,107.45999908447266
303.0,157.0,33.380001068115234,107.45999908447266
302.0,158.0,33.380001068115234,107.45999908447266
301.0,158.0,33.380001068115234,107.45999908447266
300.0,158.0,33.380001068115234,107.45999908447266
300.0,158.0,33.380001068115234,107.45999908447266
300.0,158.0,33.380001068115234,107.45999908447266
300.0,158.0,33.380001068115234,107.45999908447266
299.0,158.0,33.380001068115234,107.45999908447266
298.0,159.0,33.380001068115234,107.45999908447266
297.0,160.0,33.380001068115234,107.45999908447266
296.0,160.0,33.380001068115234,107.45999908447266
295.0,160.0,33.380001068115234,107.45999908447266
294.0,160.0,33.380001068115234,107.45999908447266
293.0,160.0,33.380001068115234,107.45999908447266
292.0,160.0,33.380001068115234,107.45999908447266
290.0,160.0,33.380001068115234,107.45999908447266
288.0,159.0,33.380001068115234,107.45999908447266
285.0,158.0,33.380001068115234,107.45999908447266
283.0,158.0,33.380001068115234,107.45999908447266
281.0,158.0,33.380001068115234,107.45999908447266
279.0,158.0,33.380001068115234,107.45999908447266
277.0,158.0,33.380001068115234,107.45999908447266
275.0,158.0,33.380001068115234,107.45999908447266
273.0,158.0,33.380001068115234,107.45999908447266
271.0,158.0,33.380001068115234,107.45999908447266
270.0,159.0,33.380001068115234,107.45999908447266
269.0,160.0,33.380001068115234,107.45999908447266
268.0,160.0,33.380001068115234,107.45999908447266
266.0,160.0,33.380001068115234,107.45999908447266
264.0,160.0,33.380001068115234,107.45999908447266
262.0,160.0,33.380001068115234,107.45999908447266
261.0,160.0,33.380001068115234,107.45999908447266
2
0
0
0
0
1
217.0,178.0,33.02000045776367,122.4800033569336
215.0,179.0,33.02000045776367,122.4800033569336
213.0,181.0,33.02000045776367,122.4800033569336
211.0,183.0,33.02000045776367,122.4800033569336
209.0,185.0,33.02000045776367,122.4800033569336
207.0,187.0,33.02000045776367,122.4800033569336
205.0,188.0,33.02000045776367,122.4800033569336
203.0,188.0,33.02000045776367,122.4800033569336
201.0,188.0,33.02000045776367,122.4800033569336
199.0,189.0,33.02000045776367,122.4800033569336
198.0,190.0,33.02000045776367,122.4800033569336
198.0,190.0,33.02000045776367,122.4800033569336
198.0,190.0,33.02000045776367,122.4800033569336
198.0,189.0,33.02000045776367,122.4800033569336
198.0,188.0,33.02000045776367,122.4800033569336
198.0,186.0,33.02000045776367,122.4800033569336
198.0,184.0,33.02000045776367,122.4800033569336
197.0,183.0,33.02000045776367,122.4800033569336
197.0,182.0,33.02000045776367,122.4800033569336
197.0,182.0,33.02000045776367,122.4800033569336
196.0,183.0,33.02000045776367,122.4800033569336
195.0,185.0,33.02000045776367,122.4800033569336
195.0,186.0,33.02000045776367,122.4800033569336
195.0,187.0,33.02000045776367,122.4800033569336
195.0,187.0,33.02000045776367,122.4800033569336
195.0,187.0,33.02000045776367,122.4800033569336
196.0,186.0,33.02000045776367,122.4800033569336
197.0,185.0,33.02000045776367,122.4800033569336
198.0,184.0,33.02000045776367,122.4800033569336
199.0,183.0,33.02000045776367,122.4800033569336
200.0,183.0,33.02000045776367,122.4800033569336
201.0,183.0,33.02000045776367,122.4800033569336
203.0,183.0,33.02000045776367,122.4800033569336
204.0,184.0,33.02000045776367,122.4800033569336
205.0,185.0,33.02000045776367,122.4800033569336
206.0,185.0,33.02000045776367,122.4800033569336
207.0,184.0,33.02000045776367,122.4800033569336
208.0,183.0,33.02000045776367,122.4800033569336
209.0,182.0,33.02000045776367,122.4800033569336
210.0,182.0,33.02000045776367,122.4800033569336
211.0,182.0,33.02000045776367,122.4800033569336
212.0,182.0,33.02000045776367,122.4800033569336
213.0,183.0,33.02000045776367,122.4800033569336
214.0,184.0,33.02000045776367,122.4800033569336
214.0,185.0,33.02000045776367,122.4800033569336
214.0,186.0,33.02000045776367,122.4800033569336
214.0,187.0,33.02000045776367,122.4800033569336
213.0,188.0,33.02000045776367,122.4800033569336
212.0,189.0,33.02000045776367,122.4800033569336
211.0,190.0,33.02000045776367,122.4800033569336
210.0,191.0,33.02000045776367,122.4800033569336
209.0,192.0,33.02000045776367,122.4800033569336
208.0,193.0,33.02000045776367,122.4800033569336
204.0,194.0,33.02000045776367,122.4800033569336
199.0,195.0,33.02000045776367,122.4800033569336
194.0,196.0,33.02000045776367,122.4800033569336
189.0,197.0,33.02000045776367,122.4800033569336
184.0,198.0,33.02000045776367,122.4800033569336
181.0,199.0,33.02000045776367,122.4800033569336
178.0,200.0,33.02000045776367,122.4800033569336
176.0,201.0,33.02000045776367,122.4800033569336
174.0,202.0,33.02000045776367,122.4800033569336
173.0,203.0,33.02000045776367,122.4800033569336
173.0,204.0,33.02000045776367,122.4800033569336
173.0,205.0,33.02000045776367,122.4800033569336
173.0,206.0,33.02000045776367,122.4800033569336
173.0,207.0,33.02000045776367,122.4800033569336
173.0,208.0,33.02000045776367,122.4800033569336
173.0,209.0,33.02000045776367,122.4800033569336
173.0,210.0,33.02000045776367,122.4800033569336
2
0
0
0
0
1
125.0,205.0,44.209999084472656,130.72999572753906
125.0,205.0,44.209999084472656,130.72999572753906
125.0,205.0,44.209999084472656,130.72999572753906
125.0,205.0,44.209999084472656,130.72999572753906
125.0,205.0,44.209999084472656,130.72999572753906
126.0,206.0,44.209999084472656,130.72999572753906
127.0,207.0,44.209999084472656,130.72999572753906
128.0,208.0,44.209999084472656,130.72999572753906
129.0,208.0,44.209999084472656,130.72999572753906
130.0,208.0,44.209999084472656,130.72999572753906
131.0,208.0,44.209999084472656,130.72999572753906
132.0,208.0,44.209999084472656,130.72999572753906
133.0,208.0,44.209999084472656,130.72999572753906
134.0,208.0,44.209999084472656,130.72999572753906
134.0,208.0,44.209999084472656,130.72999572753906
134.0,208.0,44.209999084472656,130.72999572753906
134.0,208.0,44.209999084472656,130.72999572753906
134.0,208.0,44.209999084472656,130.72999572753906
134.0,208.0,44.209999084472656,130.72999572753906
134.0,208.0,44.209999084472656,130.72999572753906
134.0,208.0,44.209999084472656,130.72999572753906
134.0,208.0,44.209999084472656,130.72999572753906
134.0,208.0,44.209999084472656,130.72999572753906
134.0,208.0,44.209999084472656,130.72999572753906
134.0,208.0,44.209999084472656,130.72999572753906
133.0,208.0,44.209999084472656,130.72999572753906
132.0,208.0,44.209999084472656,130.72999572753906
131.0,208.0,44.209999084472656,130.72999572753906
130.0,208.0,44.209999084472656,130.72999572753906
130.0,208.0,44.209999084472656,130.72999572753906
130.0,208.0,44.209999084472656,130.72999572753906
130.0,208.0,44.209999084472656,130.72999572753906
130.0,208.0,44.209999084472656,130.72999572753906
130.0,208.0,44.209999084472656,130.72999572753906
130.0,208.0,44.209999084472656,130.72999572753906
130.0,208.0,44.209999084472656,130.72999572753906
130.0,208.0,44.209999084472656,130.72999572753906
130.0,209.0,44.209999084472656,130.72999572753906
130.0,209.0,44.209999084472656,130.72999572753906
130.0,209.0,44.209999084472656,130.72999572753906
131.0,210.0,44.209999084472656,130.72999572753906
132.0,211.0,44.209999084472656,130.72999572753906
133.0,211.0,44.209999084472656,130.72999572753906
134.0,212.0,44.209999084472656,130.72999572753906
135.0,212.0,44.209999084472656,130.72999572753906
136.0,212.0,44.209999084472656,130.72999572753906
137.0,212.0,44.209999084472656,130.72999572753906
138.0,212.0,44.209999084472656,130.72999572753906
139.0,213.0,44.209999084472656,130.72999572753906
139.0,213.0,44.209999084472656,130.72999572753906
140.0,214.0,44.209999084472656,130.72999572753906
141.0,214.0,44.209999084472656,130.72999572753906
141.0,214.0,44.209999084472656,130.72999572753906
141.0,214.0,44.209999084472656,130.72999572753906
142.0,215.0,44.209999084472656,130.72999572753906
143.0,216.0,44.209999084472656,130.72999572753906
144.0,216.0,44.209999084472656,130.72999572753906
145.0,216.0,44.209999084472656,130.72999572753906
145.0,216.0,44.209999084472656,130.72999572753906
145.0,216.0,44.209999084472656,130.72999572753906
145.0,216.0,44.209999084472656,130.72999572753906
145.0,216.0,44.209999084472656,130.72999572753906
145.0,216.0,44.209999084472656,130.72999572753906
145.0,216.0,44.209999084472656,130.72999572753906
145.0,216.0,44.209999084472656,130.72999572753906
145.0,216.0,44.209999084472656,130.72999572753906
145.0,216.0,44.209999084472656,130.72999572753906
145.0,216.0,44.209999084472656,130.72999572753906
145.0,216.0,44.209999084472656,130.72999572753906
145.0,216.0,44.209999084472656,130.72999572753906
145.0,216.0,44.209999084472656,130.72999572753906
145.0,216.0,44.209999084472656,130.72999572753906
145.0,216.0,44.209999084472656,130.72999572753906
145.0,216.0,44.209999084472656,130.72999572753906
146.0,216.0,44.209999084472656,130.72999572753906
147.0,216.0,44.209999084472656,130.72999572753906
147.0,216.0,44.209999084472656,130.72999572753906
147.0,216.0,44.209999084472656,130.72999572753906
147.0,216.0,44.209999084472656,130.72999572753906
148.0,216.0,44.209999084472656,130.72999572753906
149.0,216.0,44.209999084472656,130.72999572753906
150.0,216.0,44.209999084472656,130.72999572753906
151.0,216.0,44.209999084472656,130.72999572753906
152.0,216.0,44.209999084472656,130.72999572753906
153.0,216.0,44.209999084472656,130.72999572753906
154.0,216.0,44.209999084472656,130.72999572753906
155.0,216.0,44.209999084472656,130.72999572753906
156.0,216.0,44.209999084472656,130.72999572753906
157.0,216.0,44.209999084472656,130.72999572753906
157.0,216.0,44.209999084472656,130.72999572753906
158.0,216.0,44.209999084472656,130.72999572753906
158.0,216.0,44.209999084472656,130.72999572753906
158.0,216.0,44.209999084472656,130.72999572753906
158.0,216.0,44.209999084472656,130.72999572753906
159.0,216.0,44.209999084472656,130.72999572753906
159.0,216.0,44.209999084472656,130.72999572753906
160.0,216.0,44.209999084472656,130.72999572753906
161.0,216.0,44.209999084472656,130.72999572753906
162.0,216.0,44.209999084472656,130.72999572753906
163.0,216.0,44.209999084472656,130.72999572753906
164.0,216.0,44.209999084472656,130.72999572753906
165.0,216.0,44.209999084472656,130.72999572753906
166.0,216.0,44.209999084472656,130.72999572753906
167.0,216.0,44.209999084472656,130.72999572753906
168.0,216.0,44.209999084472656,130.72999572753906
169.0,216.0,44.209999084472656,130.72999572753906
170.0,216.0,44.209999084472656,130.72999572753906
171.0,216.0,44.209999084472656,130.72999572753906
172.0,216.0,44.209999084472656,130.72999572753906
173.0,216.0,44.209999084472656,130.72999572753906
174.0,216.0,44.209999084472656,130.72999572753906
176.0,216.0,44.209999084472656,130.72999572753906
178.0,216.0,44.209999084472656,130.72999572753906
180.0,216.0,44.209999084472656,130.72999572753906
182.0,216.0,44.209999084472656,130.72999572753906
183.0,216.0,44.209999084472656,130.72999572753906
184.0,216.0,44.209999084472656,130.72999572753906
185.0,216.0,44.209999084472656,130.72999572753906
186.0,216.0,44.209999084472656,130.72999572753906
187.0,216.0,44.209999084472656,130.72999572753906
188.0,216.0,44.209999084472656,130.72999572753906
190.0,216.0,44.209999084472656,130.72999572753906
192.0,216.0,44.209999084472656,130.72999572753906
194.0,216.0,44.209999084472656,130.72999572753906
196.0,216.0,44.209999084472656,130.72999572753906
197.0,216.0,44.209999084472656,130.72999572753906
199.0,217.0,44.209999084472656,130.72999572753906
201.0,218.0,44.209999084472656,130.72999572753906
203.0,219.0,44.209999084472656,130.72999572753906
205.0,220.0,44.209999084472656,130.72999572753906
207.0,221.0,44.209999084472656,130.72999572753906
209.0,222.0,44.209999084472656,130.72999572753906
211.0,222.0,44.209999084472656,130.72999572753906
212.0,222.0,44.209999084472656,130.72999572753906
214.0,222.0,44.209999084472656,130.72999572753906
216.0,222.0,44.209999084472656,130.72999572753906
219.0,222.0,44.209999084472656,130.72999572753906
225.0,222.0,44.209999084472656,130.72999572753906
232.0,222.0,44.209999084472656,130.72999572753906
234.0,222.0,44.209999084472656,130.72999572753906
235.0,222.0,44.209999084472656,130.72999572753906
236.0,222.0,44.209999084472656,130.72999572753906
2
0
0
0
0
1
328.0,224.0,41.88999938964844,111.70999908447266
333.0,224.0,41.88999938964844,111.70999908447266
339.0,224.0,41.88999938964844,111.70999908447266
346.0,223.0,41.88999938964844,111.70999908447266
353.0,222.0,41.88999938964844,111.70999908447266
358.0,222.0,41.88999938964844,111.70999908447266
358.0,223.0,41.88999938964844,111.70999908447266
358.0,224.0,41.88999938964844,111.70999908447266
2
0
0
0
0
1
413.0,228.0,54.70000076293945,113.58999633789062
412.0,227.0,54.70000076293945,113.58999633789062
410.0,224.0,54.70000076293945,113.58999633789062
408.0,220.0,54.70000076293945,113.58999633789062
405.0,216.0,54.70000076293945,113.58999633789062
402.0,213.0,54.70000076293945,113.58999633789062
399.0,210.0,54.70000076293945,113.58999633789062
396.0,209.0,54.70000076293945,113.58999633789062
393.0,208.0,54.70000076293945,113.58999633789062
390.0,207.0,54.70000076293945,113.58999633789062
387.0,205.0,54.70000076293945,113.58999633789062
384.0,203.0,54.70000076293945,113.58999633789062
380.0,201.0,54.70000076293945,113.58999633789062
376.0,199.0,54.70000076293945,113.58999633789062
372.0,197.0,54.70000076293945,113.58999633789062
368.0,196.0,54.70000076293945,113.58999633789062
364.0,195.0,54.70000076293945,113.58999633789062
360.0,195.0,54.70000076293945,113.58999633789062
356.0,195.0,54.70000076293945,113.58999633789062
353.0,196.0,54.70000076293945,113.58999633789062
350.0,196.0,54.70000076293945,113.58999633789062
347.0,196.0,54.70000076293945,113.58999633789062
344.0,196.0,54.70000076293945,113.58999633789062
341.0,196.0,54.70000076293945,113.58999633789062
339.0,196.0,54.70000076293945,113.58999633789062
337.0,195.0,54.70000076293945,113.58999633789062
335.0,194.0,54.70000076293945,113.58999633789062
333.0,193.0,54.70000076293945,113.58999633789062
331.0,192.0,54.70000076293945,113.58999633789062
329.0,192.0,54.70000076293945,113.58999633789062
327.0,192.0,54.70000076293945,113.58999633789062
325.0,192.0,54.70000076293945,113.58999633789062
323.0,192.0,54.70000076293945,113.58999633789062
321.0,192.0,54.70000076293945,113.58999633789062
319.0,192.0,54.70000076293945,113.58999633789062
318.0,192.0,54.70000076293945,113.58999633789062
317.0,192.0,54.70000076293945,113.58999633789062
316.0,193.0,54.70000076293945,113.58999633789062
315.0,194.0,54.70000076293945,113.58999633789062
314.0,194.0,54.70000076293945,113.58999633789062
313.0,194.0,54.70000076293945,113.58999633789062
312.0,194.0,54.70000076293945,113.58999633789062
311.0,194.0,54.70000076293945,113.58999633789062
310.0,194.0,54.70000076293945,113.58999633789062
309.0,194.0,54.70000076293945,113.58999633789062
308.0,194.0,54.70000076293945,113.58999633789062
307.0,194.0,54.70000076293945,113.58999633789062
306.0,194.0,54.70000076293945,113.58999633789062
305.0,194.0,54.70000076293945,113.58999633789062
304.0,194.0,54.70000076293945,113.58999633789062
303.0,194.0,54.70000076293945,113.58999633789062
302.0,194.0,54.70000076293945,113.58999633789062
301.0,194.0,54.70000076293945,113.58999633789062
300.0,194.0,54.70000076293945,113.58999633789062
299.0,194.0,54.70000076293945,113.58999633789062
298.0,194.0,54.70000076293945,113.58999633789062
297.0,194.0,54.70000076293945,113.58999633789062
296.0,193.0,54.70000076293945,113.58999633789062
295.0,192.0,54.70000076293945,113.58999633789062
294.0,191.0,54.70000076293945,113.58999633789062
293.0,190.0,54.70000076293945,113.58999633789062
292.0,189.0,54.70000076293945,113.58999633789062
291.0,188.0,54.70000076293945,113.58999633789062
290.0,187.0,54.70000076293945,113.58999633789062
289.0,186.0,54.70000076293945,113.58999633789062
288.0,184.0,54.70000076293945,113.58999633789062
287.0,183.0,54.70000076293945,113.58999633789062
287.0,182.0,54.70000076293945,113.58999633789062
286.0,181.0,54.70000076293945,113.58999633789062
285.0,180.0,54.70000076293945,113.58999633789062
284.0,179.0,54.70000076293945,113.58999633789062
283.0,178.0,54.70000076293945,113.58999633789062
282.0,177.0,54.70000076293945,113.58999633789062
281.0,176.0,54.70000076293945,113.58999633789062
280.0,175.0,54.70000076293945,113.58999633789062
279.0,174.0,54.70000076293945,113.58999633789062
278.0,173.0,54.70000076293945,113.58999633789062
277.0,172.0,54.70000076293945,113.58999633789062
276.0,171.0,54.70000076293945,113.58999633789062
275.0,170.0,54.70000076293945,113.58999633789062
274.0,169.0,54.70000076293945,113.58999633789062
273.0,168.0,54.70000076293945,113.58999633789062
272.0,167.0,54.70000076293945,113.58999633789062
272.0,165.0,54.70000076293945,113.58999633789062
272.0,163.0,54.70000076293945,113.58999633789062
272.0,161.0,54.70000076293945,113.58999633789062
272.0,160.0,54.70000076293945,113.58999633789062
272.0,159.0,54.70000076293945,113.58999633789062
272.0,159.0,54.70000076293945,113.58999633789062
272.0,160.0,54.70000076293945,113.58999633789062
272.0,161.0,54.70000076293945,113.58999633789062
272.0,161.0,54.70000076293945,113.58999633789062
271.0,161.0,54.70000076293945,113.58999633789062
270.0,161.0,54.70000076293945,113.58999633789062
270.0,160.0,54.70000076293945,113.58999633789062
269.0,159.0,54.70000076293945,113.58999633789062
268.0,158.0,54.70000076293945,113.58999633789062
267.0,157.0,54.70000076293945,113.58999633789062
266.0,156.0,54.70000076293945,113.58999633789062
266.0,154.0,54.70000076293945,113.58999633789062
266.0,152.0,54.70000076293945,113.58999633789062
266.0,150.0,54.70000076293945,113.58999633789062
266.0,148.0,54.70000076293945,113.58999633789062
266.0,147.0,54.70000076293945,113.58999633789062
267.0,146.0,54.70000076293945,113.58999633789062
268.0,146.0,54.70000076293945,113.58999633789062
269.0,146.0,54.70000076293945,113.58999633789062
270.0,146.0,54.70000076293945,113.58999633789062
271.0,146.0,54.70000076293945,113.58999633789062
273.0,146.0,54.70000076293945,113.58999633789062
275.0,146.0,54.70000076293945,113.58999633789062
277.0,145.0,54.70000076293945,113.58999633789062
279.0,144.0,54.70000076293945,113.58999633789062
281.0,143.0,54.70000076293945,113.58999633789062
283.0,143.0,54.70000076293945,113.58999633789062
285.0,143.0,54.70000076293945,113.58999633789062
287.0,143.0,54.70000076293945,113.58999633789062
289.0,144.0,54.70000076293945,113.58999633789062
291.0,145.0,54.70000076293945,113.58999633789062
293.0,146.0,54.70000076293945,113.58999633789062
295.0,146.0,54.70000076293945,113.58999633789062
297.0,146.0,54.70000076293945,113.58999633789062
299.0,146.0,54.70000076293945,113.58999633789062
301.0,145.0,54.70000076293945,113.58999633789062
303.0,145.0,54.70000076293945,113.58999633789062
305.0,145.0,54.70000076293945,113.58999633789062
307.0,145.0,54.70000076293945,113.58999633789062
309.0,145.0,54.70000076293945,113.58999633789062
311.0,145.0,54.70000076293945,113.58999633789062
314.0,145.0,54.70000076293945,113.58999633789062
317.0,146.0,54.70000076293945,113.58999633789062
320.0,148.0,54.70000076293945,113.58999633789062
322.0,150.0,54.70000076293945,113.58999633789062
321.0,148.0,54.70000076293945,113.58999633789062
320.0,146.0,54.70000076293945,113.58999633789062
320.0,144.0,54.70000076293945,113.58999633789062
321.0,144.0,54.70000076293945,113.58999633789062
321.0,144.0,54.70000076293945,113.58999633789062
321.0,144.0,54.70000076293945,113.58999633789062
321.0,144.0,54.70000076293945,113.58999633789062
321.0,145.0,54.70000076293945,113.58999633789062
321.0,146.0,54.70000076293945,113.58999633789062
321.0,147.0,54.70000076293945,113.58999633789062
321.0,149.0,54.70000076293945,113.58999633789062
321.0,153.0,54.70000076293945,113.58999633789062
321.0,156.0,54.70000076293945,113.58999633789062
321.0,157.0,54.70000076293945,113.58999633789062
321.0,157.0,54.70000076293945,113.58999633789062
321.0,157.0,54.70000076293945,113.58999633789062
322.0,157.0,54.70000076293945,113.58999633789062
323.0,157.0,54.70000076293945,113.58999633789062
324.0,157.0,54.70000076293945,113.58999633789062
325.0,157.0,54.70000076293945,113.58999633789062
326.0,157.0,54.70000076293945,113.58999633789062
327.0,157.0,54.70000076293945,113.58999633789062
328.0,158.0,54.70000076293945,113.58999633789062
329.0,159.0,54.70000076293945,113.58999633789062
330.0,161.0,54.70000076293945,113.58999633789062
331.0,163.0,54.70000076293945,113.58999633789062
332.0,165.0,54.70000076293945,113.58999633789062
333.0,168.0,54.70000076293945,113.58999633789062
334.0,171.0,54.70000076293945,113.58999633789062
335.0,173.0,54.70000076293945,113.58999633789062
336.0,175.0,54.70000076293945,113.58999633789062
338.0,177.0,54.70000076293945,113.58999633789062
340.0,180.0,54.70000076293945,113.58999633789062
342.0,183.0,54.70000076293945,113.58999633789062
344.0,187.0,54.70000076293945,113.58999633789062
347.0,191.0,54.70000076293945,113.58999633789062
351.0,195.0,54.70000076293945,113.58999633789062
355.0,199.0,54.70000076293945,113.58999633789062
359.0,204.0,54.70000076293945,113.58999633789062
364.0,209.0,54.70000076293945,113.58999633789062
369.0,213.0,54.70000076293945,113.58999633789062
374.0,216.0,54.70000076293945,113.58999633789062
2
0
0
0
0
1
329.0,216.0,52.65999984741211,91.0999984741211
329.0,216.0,52.65999984741211,91.0999984741211
329.0,216.0,52.65999984741211,91.0999984741211
329.0,215.0,52.65999984741211,91.0999984741211
330.0,214.0,52.65999984741211,91.0999984741211
330.0,213.0,52.65999984741211,91.0999984741211
330.0,213.0,52.65999984741211,91.0999984741211
330.0,212.0,52.65999984741211,91.0999984741211
331.0,211.0,52.65999984741211,91.0999984741211
332.0,211.0,52.65999984741211,91.0999984741211
332.0,211.0,52.65999984741211,91.0999984741211
333.0,211.0,52.65999984741211,91.0999984741211
333.0,211.0,52.65999984741211,91.0999984741211
333.0,211.0,52.65999984741211,91.0999984741211
333.0,211.0,52.65999984741211,91.0999984741211
333.0,211.0,52.65999984741211,91.0999984741211
333.0,211.0,52.65999984741211,91.0999984741211
333.0,211.0,52.65999984741211,91.0999984741211
333.0,210.0,52.65999984741211,91.0999984741211
333.0,209.0,52.65999984741211,91.0999984741211
333.0,208.0,52.65999984741211,91.0999984741211
332.0,208.0,52.65999984741211,91.0999984741211
331.0,208.0,52.65999984741211,91.0999984741211
330.0,208.0,52.65999984741211,91.0999984741211
330.0,208.0,52.65999984741211,91.0999984741211
330.0,208.0,52.65999984741211,91.0999984741211
330.0,208.0,52.65999984741211,91.0999984741211
330.0,208.0,52.65999984741211,91.0999984741211
330.0,208.0,52.65999984741211,91.0999984741211
330.0,208.0,52.65999984741211,91.0999984741211
330.0,208.0,52.65999984741211,91.0999984741211
330.0,208.0,52.65999984741211,91.0999984741211
329.0,208.0,52.65999984741211,91.0999984741211
329.0,208.0,52.65999984741211,91.0999984741211
329.0,208.0,52.65999984741211,91.0999984741211
328.0,208.0,52.65999984741211,91.0999984741211
327.0,208.0,52.65999984741211,91.0999984741211
326.0,208.0,52.65999984741211,91.0999984741211
326.0,208.0,52.65999984741211,91.0999984741211
326.0,209.0,52.65999984741211,91.0999984741211
326.0,210.0,52.65999984741211,91.0999984741211
326.0,210.0,52.65999984741211,91.0999984741211
326.0,210.0,52.65999984741211,91.0999984741211
326.0,209.0,52.65999984741211,91.0999984741211
325.0,208.0,52.65999984741211,91.0999984741211
324.0,207.0,52.65999984741211,91.0999984741211
322.0,206.0,52.65999984741211,91.0999984741211
320.0,205.0,52.65999984741211,91.0999984741211
318.0,204.0,52.65999984741211,91.0999984741211
316.0,203.0,52.65999984741211,91.0999984741211
314.0,201.0,52.65999984741211,91.0999984741211
311.0,199.0,52.65999984741211,91.0999984741211
307.0,196.0,52.65999984741211,91.0999984741211
303.0,193.0,52.65999984741211,91.0999984741211
