1
166.0,66.0,88.0,64.0
133.0,83.0,88.0,64.0
100.0,100.0,88.0,64.0
2
0
0
0
0
1
2
0
0
0
0
1
293.0,125.0,104.0,89.0
304.0,127.0,104.0,89.0
315.0,129.0,104.0,89.0
326.0,131.0,104.0,89.0
326.0,131.0,104.0,89.0
326.0,131.0,104.0,89.0
326.0,131.0,104.0,89.0
326.0,131.0,104.0,89.0
326.0,131.0,104.0,89.0
326.0,131.0,104.0,89.0
326.0,131.0,104.0,89.0
326.0,131.0,104.0,89.0
326.0,131.0,104.0,89.0
2
0
0
0
0
1
197.0,133.0,71.0,71.0
182.0,128.0,71.0,71.0
175.0,135.0,71.0,71.0
168.0,142.0,71.0,71.0
168.0,142.0,71.0,71.0
168.0,142.0,71.0,71.0
168.0,142.0,71.0,71.0
168.0,142.0,71.0,71.0
168.0,142.0,71.0,71.0
168.0,142.0,71.0,71.0
2
0
0
0
0
1
302.0,139.0,62.0,59.0
304.0,138.0,62.0,59.0
305.0,139.0,62.0,59.0
306.0,140.0,62.0,59.0
306.0,140.0,62.0,59.0
306.0,140.0,62.0,59.0
306.0,140.0,62.0,59.0
306.0,140.0,62.0,59.0
306.0,140.0,62.0,59.0
306.0,140.0,62.0,59.0
306.0,140.0,62.0,59.0
306.0,140.0,62.0,59.0
301.0,152.0,62.0,59.0
301.0,152.0,62.0,59.0
301.0,152.0,62.0,59.0
301.0,152.0,62.0,59.0
301.0,152.0,62.0,59.0
301.0,152.0,62.0,59.0
301.0,152.0,62.0,59.0
301.0,152.0,62.0,59.0
301.0,152.0,62.0,59.0
292.0,157.0,62.0,61.0
292.0,157.0,62.0,61.0
292.0,157.0,62.0,61.0
292.0,157.0,62.0,61.0
292.0,157.0,62.0,61.0
292.0,157.0,62.0,61.0
292.0,157.0,62.0,61.0
292.0,157.0,62.0,61.0
292.0,157.0,62.0,61.0
283.0,163.0,62.0,61.0
283.0,163.0,62.0,61.0
2
0
0
0
0
1
287.0,153.0,58.0,51.0
300.0,151.0,58.0,51.0
305.0,152.0,58.0,51.0
308.0,153.0,58.0,51.0
308.0,153.0,58.0,51.0
308.0,153.0,58.0,51.0
308.0,153.0,58.0,51.0
2
0
0
0
0
1
353.0,178.0,51.0,59.0
335.0,179.0,51.0,59.0
317.0,180.0,51.0,59.0
2
0
0
0
0
1
171.0,204.0,43.0,60.0
183.0,207.0,45.0,60.0
203.0,211.0,45.0,60.0
229.0,214.0,43.0,60.0
229.0,214.0,43.0,60.0
2
0
0
0
0
1
340.0,205.0,38.0,88.0
350.0,204.0,38.0,88.0
2
0
0
0
0
1
2
0
0
0
0
1
298.0,187.0,81.0,83.0
299.0,183.0,79.0,83.0
296.0,182.0,79.0,83.0
292.0,182.0,79.0,83.0
292.0,182.0,79.0,83.0
292.0,182.0,79.0,83.0
292.0,182.0,79.0,83.0
292.0,182.0,79.0,83.0
292.0,182.0,79.0,83.0
292.0,182.0,79.0,83.0
292.0,182.0,79.0,83.0
292.0,182.0,79.0,83.0
288.0,182.0,79.0,83.0
288.0,182.0,79.0,83.0
288.0,182.0,79.0,83.0
288.0,182.0,79.0,83.0
288.0,182.0,79.0,83.0
288.0,182.0,79.0,83.0
288.0,182.0,79.0,83.0
288.0,182.0,79.0,83.0
288.0,182.0,79.0,83.0
284.0,182.0,79.0,83.0
2
0
0
0
0
1
366.0,180.0,71.0,56.0
369.0,177.0,71.0,56.0
368.0,176.0,71.0,56.0
365.0,177.0,71.0,56.0
365.0,177.0,71.0,56.0
365.0,177.0,71.0,56.0
365.0,177.0,71.0,56.0
365.0,177.0,71.0,56.0
365.0,177.0,71.0,56.0
365.0,177.0,71.0,56.0
365.0,177.0,71.0,56.0
