1
329.0,113.0,81.0,15.0
319.0,114.0,81.0,15.0
311.0,115.0,81.0,15.0
312.0,116.0,81.0,15.0
313.0,117.0,81.0,15.0
310.0,117.0,81.0,15.0
307.0,117.0,81.0,15.0
304.0,117.0,81.0,15.0
301.0,117.0,81.0,15.0
298.0,117.0,81.0,15.0
295.0,117.0,81.0,15.0
292.0,117.0,81.0,15.0
289.0,117.0,81.0,15.0
286.0,117.0,81.0,15.0
2
0
0
0
0
1
280.0,17.0,23.0,81.0
281.0,18.0,23.0,81.0
282.0,19.0,23.0,81.0
283.0,20.0,23.0,81.0
284.0,21.0,23.0,81.0
285.0,22.0,23.0,81.0
286.0,23.0,23.0,81.0
287.0,24.0,23.0,81.0
288.0,25.0,23.0,81.0
289.0,26.0,23.0,81.0
290.0,27.0,23.0,81.0
291.0,28.0,23.0,81.0
292.0,29.0,23.0,81.0
293.0,30.0,23.0,81.0
294.0,31.0,23.0,81.0
295.0,32.0,23.0,81.0
296.0,33.0,23.0,81.0
297.0,34.0,23.0,81.0
298.0,35.0,23.0,81.0
299.0,36.0,23.0,81.0
300.0,37.0,23.0,81.0
301.0,38.0,23.0,81.0
302.0,39.0,23.0,81.0
303.0,40.0,23.0,81.0
304.0,41.0,23.0,81.0
2
0
0
0
0
1
229.0,78.0,57.0,85.0
228.0,79.0,57.0,85.0
242.0,71.0,57.0,85.0
248.0,71.0,57.0,85.0
255.0,70.0,57.0,85.0
263.0,69.0,57.0,85.0
271.0,68.0,57.0,85.0
2
0
0
0
0
1
219.0,149.0,26.0,88.0
220.0,151.0,26.0,88.0
223.0,146.0,26.0,88.0
226.0,143.0,26.0,88.0
229.0,140.0,26.0,88.0
232.0,137.0,26.0,88.0
235.0,134.0,26.0,88.0
238.0,131.0,26.0,88.0
241.0,128.0,26.0,88.0
2
0
0
0
0
1
222.0,225.0,46.0,86.0
223.0,225.0,46.0,86.0
228.0,233.0,46.0,86.0
231.0,237.0,46.0,86.0
234.0,241.0,46.0,86.0
237.0,245.0,46.0,86.0
240.0,249.0,46.0,86.0
243.0,253.0,46.0,86.0
246.0,257.0,46.0,86.0
249.0,261.0,46.0,86.0
252.0,265.0,46.0,86.0
255.0,269.0,46.0,86.0
243.0,268.0,46.0,86.0
245.0,272.0,46.0,86.0
248.0,272.0,46.0,86.0
251.0,266.0,46.0,86.0
254.0,260.0,46.0,86.0
257.0,254.0,46.0,86.0
2
0
0
0
0
1
245.0,376.0,35.0,84.0
245.0,376.0,35.0,84.0
245.0,376.0,35.0,84.0
245.0,376.0,35.0,84.0
245.0,376.0,35.0,84.0
245.0,376.0,35.0,84.0
245.0,376.0,35.0,84.0
245.0,376.0,35.0,84.0
245.0,376.0,35.0,84.0
245.0,376.0,35.0,84.0
245.0,376.0,35.0,84.0
245.0,376.0,35.0,84.0
245.0,376.0,35.0,84.0
245.0,376.0,35.0,84.0
236.0,384.0,35.0,84.0
236.0,375.0,35.0,84.0
236.0,366.0,35.0,84.0
2
0
0
0
0
1
254.0,489.0,31.0,81.0
255.0,488.0,31.0,81.0
256.0,484.0,31.0,81.0
257.0,479.0,31.0,81.0
258.0,476.0,31.0,81.0
258.0,476.0,31.0,81.0
257.0,481.0,31.0,81.0
256.0,486.0,31.0,81.0
255.0,491.0,31.0,81.0
254.0,495.0,31.0,81.0
253.0,499.0,31.0,81.0
252.0,503.0,31.0,81.0
251.0,507.0,31.0,81.0
250.0,511.0,31.0,81.0
244.0,532.0,31.0,81.0
2
0
0
0
0
1
339.0,530.0,77.0,57.0
352.0,521.0,77.0,57.0
365.0,512.0,77.0,57.0
376.0,504.0,77.0,57.0
386.0,497.0,77.0,57.0
396.0,490.0,77.0,57.0
406.0,483.0,77.0,57.0
416.0,476.0,77.0,57.0
426.0,469.0,77.0,57.0
436.0,462.0,77.0,57.0
446.0,455.0,77.0,57.0
456.0,448.0,77.0,57.0
2
0
0
0
0
1
473.0,534.0,40.0,72.0
471.0,539.0,40.0,72.0
469.0,543.0,40.0,72.0
467.0,547.0,40.0,72.0
465.0,551.0,40.0,72.0
463.0,555.0,40.0,72.0
461.0,559.0,40.0,72.0
459.0,563.0,40.0,72.0
457.0,567.0,40.0,72.0
455.0,571.0,40.0,72.0
453.0,575.0,40.0,72.0
2
0
0
0
0
1
2
0
0
0
0
1
605.0,513.0,75.0,66.0
620.0,524.0,75.0,66.0
634.0,535.0,75.0,66.0
647.0,545.0,75.0,66.0
660.0,555.0,75.0,66.0
672.0,564.0,75.0,66.0
682.0,572.0,75.0,66.0
692.0,580.0,75.0,66.0
701.0,588.0,75.0,66.0
709.0,595.0,75.0,66.0
716.0,601.0,75.0,66.0
723.0,607.0,75.0,66.0
717.0,604.0,75.0,66.0
709.0,606.0,75.0,66.0
701.0,608.0,75.0,66.0
693.0,610.0,75.0,66.0
685.0,612.0,75.0,66.0
2
0
0
0
0
1
787.0,603.0,80.0,58.0
790.0,601.0,80.0,58.0
793.0,599.0,80.0,58.0
796.0,597.0,80.0,58.0
799.0,595.0,80.0,58.0
802.0,593.0,80.0,58.0
805.0,591.0,80.0,58.0
808.0,589.0,80.0,58.0
811.0,587.0,80.0,58.0
814.0,585.0,80.0,58.0
817.0,583.0,80.0,58.0
820.0,581.0,80.0,58.0
823.0,579.0,80.0,58.0
2
0
0
0
0
1
949.0,596.0,86.0,38.0
954.0,595.0,86.0,38.0
941.0,596.0,86.0,38.0
929.0,595.0,86.0,38.0
923.0,594.0,86.0,38.0
917.0,593.0,86.0,38.0
946.0,597.0,86.0,38.0
944.0,597.0,86.0,38.0
942.0,597.0,86.0,38.0
940.0,597.0,86.0,38.0
2
0
0
0
0
1
1064.0,603.0,83.0,48.0
1064.0,603.0,83.0,48.0
1066.0,604.0,83.0,48.0
1068.0,605.0,83.0,48.0
1070.0,606.0,83.0,48.0
1072.0,607.0,83.0,48.0
1074.0,608.0,83.0,48.0
1076.0,609.0,83.0,48.0
2
0
0
0
0
1
1205.0,676.0,38.0,83.0
1210.0,691.0,38.0,83.0
1215.0,706.0,38.0,83.0
1220.0,721.0,38.0,83.0
1225.0,736.0,38.0,83.0
2
0
0
0
0
1
1447.0,575.0,66.0,66.0
1468.0,554.0,66.0,66.0
1487.0,535.0,66.0,66.0
1504.0,518.0,66.0,66.0
1519.0,502.0,66.0,66.0
1534.0,486.0,66.0,66.0
1549.0,470.0,66.0,66.0
1564.0,454.0,66.0,66.0
2
0
0
0
0
1
1442.0,333.0,62.0,78.0
1434.0,321.0,62.0,78.0
1427.0,311.0,62.0,78.0
1421.0,302.0,62.0,78.0
1415.0,293.0,62.0,78.0
1409.0,284.0,62.0,78.0
2
0
0
0
0
1
1114.0,353.0,80.0,15.0
1094.0,353.0,80.0,15.0
1076.0,353.0,80.0,15.0
1059.0,353.0,80.0,15.0
1043.0,353.0,80.0,15.0
1028.0,354.0,80.0,15.0
1015.0,354.0,80.0,15.0
1002.0,354.0,80.0,15.0
990.0,355.0,80.0,15.0
978.0,355.0,80.0,15.0
966.0,355.0,80.0,15.0
954.0,355.0,80.0,15.0
942.0,355.0,80.0,15.0
930.0,355.0,80.0,15.0
918.0,355.0,80.0,15.0
906.0,355.0,80.0,15.0
2
0
0
0
0
1
1025.0,389.0,61.0,65.0
1040.0,389.0,61.0,65.0
2
0
0
0
0
1
828.0,344.0,81.0,25.0
810.0,341.0,81.0,25.0
792.0,338.0,81.0,25.0
774.0,335.0,81.0,25.0
756.0,332.0,81.0,25.0
738.0,329.0,81.0,25.0
720.0,326.0,81.0,25.0
702.0,323.0,81.0,25.0
702.0,317.0,81.0,25.0
684.0,315.0,81.0,25.0
665.0,312.0,81.0,25.0
658.0,312.0,81.0,25.0
645.0,309.0,81.0,25.0
623.0,302.0,81.0,25.0
607.0,297.0,81.0,25.0
592.0,292.0,81.0,25.0
579.0,287.0,81.0,25.0
570.0,284.0,81.0,25.0
558.0,281.0,81.0,25.0
548.0,279.0,81.0,25.0
539.0,277.0,81.0,25.0
531.0,275.0,81.0,25.0
523.0,273.0,81.0,25.0
515.0,271.0,81.0,25.0
507.0,269.0,81.0,25.0
499.0,267.0,81.0,25.0
491.0,265.0,81.0,25.0
2
0
0
0
0
1
323.0,305.0,66.0,41.0
325.0,314.0,66.0,41.0
327.0,323.0,66.0,41.0
2
0
0
0
0
1
258.0,170.0,43.0,83.0
254.0,160.0,43.0,83.0
251.0,153.0,43.0,83.0
248.0,145.0,43.0,83.0
245.0,137.0,43.0,83.0
242.0,129.0,43.0,83.0
239.0,121.0,43.0,83.0
236.0,113.0,43.0,83.0
233.0,105.0,43.0,83.0
2
0
0
0
0
1
321.0,105.0,86.0,32.0
327.0,103.0,86.0,32.0
333.0,101.0,86.0,32.0
327.0,101.0,86.0,32.0
319.0,98.0,86.0,32.0
315.0,95.0,86.0,32.0
309.0,92.0,86.0,32.0
303.0,89.0,86.0,32.0
2
0
0
0
0
1
429.0,119.0,84.0,42.0
