1
339.0,112.0,81.70999908447266,15.649999618530273
339.0,112.0,81.70999908447266,15.649999618530273
339.0,112.0,81.70999908447266,15.649999618530273
339.0,112.0,81.70999908447266,15.649999618530273
339.0,112.0,81.70999908447266,15.649999618530273
339.0,112.0,81.70999908447266,15.649999618530273
339.0,112.0,81.70999908447266,15.649999618530273
2
0
0
0
0
1
275.0,46.0,33.060001373291016,86.94999694824219
274.0,52.0,33.060001373291016,86.94999694824219
273.0,58.0,33.060001373291016,86.94999694824219
272.0,61.0,33.060001373291016,86.94999694824219
272.0,61.0,33.060001373291016,86.94999694824219
272.0,61.0,33.060001373291016,86.94999694824219
272.0,61.0,33.060001373291016,86.94999694824219
272.0,61.0,33.060001373291016,86.94999694824219
272.0,61.0,33.060001373291016,86.94999694824219
272.0,61.0,33.060001373291016,86.94999694824219
272.0,61.0,33.060001373291016,86.94999694824219
272.0,61.0,33.060001373291016,86.94999694824219
262.0,60.0,33.060001373291016,86.94999694824219
262.0,60.0,33.060001373291016,86.94999694824219
262.0,60.0,33.060001373291016,86.94999694824219
262.0,60.0,33.060001373291016,86.94999694824219
262.0,60.0,33.060001373291016,86.94999694824219
2
0
0
0
0
1
277.0,20.0,64.37999725341797,75.97100067138672
286.0,25.0,64.37999725341797,75.97100067138672
293.0,25.0,64.37999725341797,75.97100067138672
298.0,24.0,64.37999725341797,75.97100067138672
298.0,24.0,64.37999725341797,75.97100067138672
298.0,24.0,64.37999725341797,75.97100067138672
298.0,24.0,64.37999725341797,75.97100067138672
298.0,24.0,64.37999725341797,75.97100067138672
298.0,24.0,64.37999725341797,75.97100067138672
298.0,24.0,64.37999725341797,75.97100067138672
298.0,24.0,64.37999725341797,75.97100067138672
2
0
0
0
0
1
228.0,87.0,68.05999755859375,75.59100341796875
234.0,87.0,68.05999755859375,75.59100341796875
239.0,87.0,68.05999755859375,75.59100341796875
245.0,86.0,68.05999755859375,75.59100341796875
245.0,86.0,68.05999755859375,75.59100341796875
245.0,86.0,68.05999755859375,75.59100341796875
245.0,86.0,68.05999755859375,75.59100341796875
245.0,86.0,68.05999755859375,75.59100341796875
245.0,86.0,68.05999755859375,75.59100341796875
245.0,86.0,68.05999755859375,75.59100341796875
245.0,86.0,68.05999755859375,75.59100341796875
245.0,86.0,68.05999755859375,75.59100341796875
245.0,86.0,68.05999755859375,75.59100341796875
245.0,86.0,68.05999755859375,75.59100341796875
2
0
0
0
0
1
229.0,200.0,23.969999313354492,87.27999877929688
231.0,207.0,23.969999313354492,87.27999877929688
233.0,214.0,23.969999313354492,87.27999877929688
235.0,220.0,23.969999313354492,87.27999877929688
235.0,220.0,23.969999313354492,87.27999877929688
235.0,220.0,23.969999313354492,87.27999877929688
235.0,220.0,23.969999313354492,87.27999877929688
235.0,220.0,23.969999313354492,87.27999877929688
235.0,220.0,23.969999313354492,87.27999877929688
235.0,220.0,23.969999313354492,87.27999877929688
235.0,220.0,23.969999313354492,87.27999877929688
235.0,220.0,23.969999313354492,87.27999877929688
235.0,220.0,23.969999313354492,87.27999877929688
2
0
0
0
0
1
266.0,302.0,23.940000534057617,87.20999908447266
266.0,302.0,23.940000534057617,87.20999908447266
266.0,302.0,23.940000534057617,87.20999908447266
266.0,302.0,23.940000534057617,87.20999908447266
266.0,302.0,23.940000534057617,87.20999908447266
266.0,302.0,23.940000534057617,87.20999908447266
266.0,302.0,23.940000534057617,87.20999908447266
266.0,302.0,23.940000534057617,87.20999908447266
266.0,302.0,23.940000534057617,87.20999908447266
266.0,302.0,23.940000534057617,87.20999908447266
266.0,302.0,23.940000534057617,87.20999908447266
266.0,302.0,23.940000534057617,87.20999908447266
2
0
0
0
0
1
239.0,406.0,32.20000076293945,84.5
238.0,409.0,32.20000076293945,84.5
237.0,412.0,32.20000076293945,84.5
236.0,415.0,32.20000076293945,84.5
236.0,415.0,32.20000076293945,84.5
236.0,415.0,32.20000076293945,84.5
236.0,415.0,32.20000076293945,84.5
236.0,415.0,32.20000076293945,84.5
236.0,415.0,32.20000076293945,84.5
236.0,415.0,32.20000076293945,84.5
236.0,415.0,32.20000076293945,84.5
236.0,415.0,32.20000076293945,84.5
236.0,415.0,32.20000076293945,84.5
236.0,415.0,32.20000076293945,84.5
236.0,415.0,32.20000076293945,84.5
236.0,415.0,32.20000076293945,84.5
2
0
0
0
0
1
257.0,521.0,27.860000610351562,87.05000305175781
256.0,525.0,27.860000610351562,87.05000305175781
255.0,529.0,27.860000610351562,87.05000305175781
254.0,533.0,27.860000610351562,87.05000305175781
254.0,533.0,27.860000610351562,87.05000305175781
254.0,533.0,27.860000610351562,87.05000305175781
254.0,533.0,27.860000610351562,87.05000305175781
254.0,533.0,27.860000610351562,87.05000305175781
254.0,533.0,27.860000610351562,87.05000305175781
254.0,533.0,27.860000610351562,87.05000305175781
2
0
0
0
0
1
351.0,522.0,78.33000183105469,53.81999969482422
364.0,513.0,78.33000183105469,53.81999969482422
375.0,505.0,78.33000183105469,53.81999969482422
386.0,497.0,78.33000183105469,53.81999969482422
386.0,497.0,78.33000183105469,53.81999969482422
386.0,497.0,78.33000183105469,53.81999969482422
386.0,497.0,78.33000183105469,53.81999969482422
386.0,497.0,78.33000183105469,53.81999969482422
386.0,497.0,78.33000183105469,53.81999969482422
386.0,497.0,78.33000183105469,53.81999969482422
2
0
0
0
0
1
477.0,532.0,36.95000076293945,66.02999877929688
475.0,536.0,36.95000076293945,66.02999877929688
473.0,541.0,36.95000076293945,66.02999877929688
471.0,545.0,36.95000076293945,66.02999877929688
471.0,545.0,36.95000076293945,66.02999877929688
471.0,545.0,36.95000076293945,66.02999877929688
471.0,545.0,36.95000076293945,66.02999877929688
471.0,545.0,36.95000076293945,66.02999877929688
471.0,545.0,36.95000076293945,66.02999877929688
471.0,545.0,36.95000076293945,66.02999877929688
471.0,545.0,36.95000076293945,66.02999877929688
471.0,545.0,36.95000076293945,66.02999877929688
2
0
0
0
0
1
2
0
0
0
0
1
604.0,512.0,75.54000091552734,66.37999725341797
619.0,522.0,75.54000091552734,66.37999725341797
633.0,533.0,75.54000091552734,66.37999725341797
646.0,543.0,75.54000091552734,66.37999725341797
646.0,543.0,75.54000091552734,66.37999725341797
646.0,543.0,75.54000091552734,66.37999725341797
646.0,543.0,75.54000091552734,66.37999725341797
646.0,543.0,75.54000091552734,66.37999725341797
646.0,543.0,75.54000091552734,66.37999725341797
646.0,543.0,75.54000091552734,66.37999725341797
646.0,543.0,75.54000091552734,66.37999725341797
2
0
0
0
0
1
760.0,625.0,78.13999938964844,52.81999969482422
766.0,621.0,78.13999938964844,52.81999969482422
771.0,617.0,78.13999938964844,52.81999969482422
775.0,614.0,78.13999938964844,52.81999969482422
775.0,614.0,78.13999938964844,52.81999969482422
775.0,614.0,78.13999938964844,52.81999969482422
775.0,614.0,78.13999938964844,52.81999969482422
775.0,614.0,78.13999938964844,52.81999969482422
775.0,614.0,78.13999938964844,52.81999969482422
775.0,614.0,78.13999938964844,52.81999969482422
775.0,614.0,78.13999938964844,52.81999969482422
775.0,614.0,78.13999938964844,52.81999969482422
775.0,614.0,78.13999938964844,52.81999969482422
2
0
0
0
0
1
894.0,613.0,87.52999877929688,33.33000183105469
894.0,614.0,87.52999877929688,33.33000183105469
894.0,614.0,87.52999877929688,33.33000183105469
894.0,614.0,87.52999877929688,33.33000183105469
894.0,614.0,87.52999877929688,33.33000183105469
894.0,614.0,87.52999877929688,33.33000183105469
894.0,614.0,87.52999877929688,33.33000183105469
894.0,614.0,87.52999877929688,33.33000183105469
894.0,614.0,87.52999877929688,33.33000183105469
894.0,614.0,87.52999877929688,33.33000183105469
2
0
0
0
0
1
1025.0,607.0,84.5999984741211,33.560001373291016
1026.0,608.0,84.5999984741211,33.560001373291016
1023.0,609.0,84.5999984741211,33.560001373291016
1023.0,609.0,84.5999984741211,33.560001373291016
1023.0,609.0,84.5999984741211,33.560001373291016
1023.0,609.0,84.5999984741211,33.560001373291016
1023.0,609.0,84.5999984741211,33.560001373291016
1023.0,609.0,84.5999984741211,33.560001373291016
1023.0,609.0,84.5999984741211,33.560001373291016
1023.0,609.0,84.5999984741211,33.560001373291016
2
0
0
0
0
1
1191.0,607.0,28.100000381469727,83.02999877929688
1197.0,625.0,28.100000381469727,83.02999877929688
1202.0,642.0,28.100000381469727,83.02999877929688
1206.0,657.0,28.100000381469727,83.02999877929688
1206.0,657.0,28.100000381469727,83.02999877929688
1206.0,657.0,28.100000381469727,83.02999877929688
1206.0,657.0,28.100000381469727,83.02999877929688
2
0
0
0
0
1
1409.0,626.0,54.900001525878906,72.11000061035156
1427.0,601.0,54.900001525878906,72.11000061035156
1449.0,577.0,54.900001525878906,72.11000061035156
1470.0,556.0,54.900001525878906,72.11000061035156
1470.0,556.0,54.900001525878906,72.11000061035156
1470.0,556.0,54.900001525878906,72.11000061035156
1470.0,556.0,54.900001525878906,72.11000061035156
2
0
0
0
0
1
1478.0,389.0,61.900001525878906,74.2300033569336
1478.0,389.0,61.900001525878906,74.2300033569336
1478.0,389.0,61.900001525878906,74.2300033569336
1478.0,389.0,61.900001525878906,74.2300033569336
1478.0,389.0,61.900001525878906,74.2300033569336
2
0
0
0
0
1
1225.0,356.0,82.20010375976562,11.329999923706055
1196.0,356.0,82.20010375976562,11.329999923706055
1168.0,355.0,82.20010375976562,11.329999923706055
1143.0,354.0,82.20010375976562,11.329999923706055
1143.0,354.0,82.20010375976562,11.329999923706055
1143.0,354.0,82.20010375976562,11.329999923706055
1143.0,354.0,82.20010375976562,11.329999923706055
2
0
0
0
0
1
977.0,357.0,86.0,10.949999809265137
977.0,357.0,86.0,10.949999809265137
977.0,357.0,86.0,10.949999809265137
977.0,357.0,86.0,10.949999809265137
977.0,357.0,86.0,10.949999809265137
977.0,357.0,86.0,10.949999809265137
977.0,357.0,86.0,10.949999809265137
2
0
0
0
0
1
1025.0,389.0,61.999900817871094,65.62000274658203
1033.0,396.0,61.999900817871094,65.62000274658203
1012.0,373.0,61.999900817871094,65.62000274658203
987.0,360.0,61.999900817871094,65.62000274658203
987.0,360.0,61.999900817871094,65.62000274658203
2
0
0
0
0
1
795.0,338.0,82.22000122070312,30.809999465942383
796.0,340.0,82.22000122070312,30.809999465942383
796.0,340.0,82.22000122070312,30.809999465942383
2
0
0
0
0
1
636.0,300.0,84.72000122070312,39.220001220703125
623.0,296.0,84.72000122070312,39.220001220703125
610.0,292.0,84.72000122070312,39.220001220703125
598.0,288.0,84.72000122070312,39.220001220703125
598.0,288.0,84.72000122070312,39.220001220703125
598.0,288.0,84.72000122070312,39.220001220703125
598.0,288.0,84.72000122070312,39.220001220703125
598.0,288.0,84.72000122070312,39.220001220703125
598.0,288.0,84.72000122070312,39.220001220703125
598.0,288.0,84.72000122070312,39.220001220703125
598.0,288.0,84.72000122070312,39.220001220703125
598.0,288.0,84.72000122070312,39.220001220703125
2
0
0
0
0
1
359.0,299.0,77.58000183105469,24.729999542236328
340.0,302.0,77.58000183105469,24.729999542236328
340.0,302.0,77.58000183105469,24.729999542236328
340.0,302.0,77.58000183105469,24.729999542236328
340.0,302.0,77.58000183105469,24.729999542236328
340.0,302.0,77.58000183105469,24.729999542236328
2
0
0
0
0
1
259.0,172.0,43.84000015258789,83.12000274658203
255.0,163.0,43.84000015258789,83.12000274658203
252.0,156.0,43.84000015258789,83.12000274658203
249.0,149.0,43.84000015258789,83.12000274658203
249.0,149.0,43.84000015258789,83.12000274658203
249.0,149.0,43.84000015258789,83.12000274658203
249.0,149.0,43.84000015258789,83.12000274658203
249.0,149.0,43.84000015258789,83.12000274658203
249.0,149.0,43.84000015258789,83.12000274658203
249.0,149.0,43.84000015258789,83.12000274658203
249.0,149.0,43.84000015258789,83.12000274658203
2
0
0
0
0
1
332.0,101.0,87.58999633789062,31.65999984741211
326.0,101.0,87.58999633789062,31.65999984741211
320.0,98.0,87.58999633789062,31.65999984741211
317.0,95.0,87.58999633789062,31.65999984741211
317.0,95.0,87.58999633789062,31.65999984741211
317.0,95.0,87.58999633789062,31.65999984741211
317.0,95.0,87.58999633789062,31.65999984741211
317.0,95.0,87.58999633789062,31.65999984741211
317.0,95.0,87.58999633789062,31.65999984741211
2
0
0
0
