1
34.0,60.0,69.0,84.0
38.0,66.0,69.0,84.0
43.0,72.0,69.0,84.0
51.0,76.0,69.0,84.0
51.0,76.0,69.0,84.0
51.0,76.0,69.0,84.0
51.0,76.0,69.0,84.0
51.0,76.0,69.0,84.0
51.0,76.0,69.0,84.0
51.0,76.0,69.0,84.0
2
0
0
0
0
1
150.0,82.0,65.0,79.0
159.0,79.0,65.0,79.0
173.0,78.0,65.0,79.0
189.0,78.0,65.0,79.0
189.0,78.0,65.0,79.0
189.0,78.0,65.0,79.0
189.0,78.0,65.0,79.0
189.0,78.0,65.0,79.0
2
0
0
0
0
1
275.0,72.0,64.0,80.0
260.0,71.0,64.0,80.0
246.0,69.0,64.0,80.0
230.0,67.0,64.0,80.0
230.0,67.0,64.0,80.0
230.0,67.0,64.0,80.0
230.0,67.0,64.0,80.0
230.0,67.0,64.0,80.0
230.0,67.0,64.0,80.0
2
0
0
0
0
1
122.0,93.0,65.0,81.0
119.0,92.0,65.0,81.0
116.0,91.0,65.0,81.0
113.0,90.0,65.0,81.0
113.0,90.0,65.0,81.0
113.0,90.0,65.0,81.0
113.0,90.0,65.0,81.0
113.0,90.0,65.0,81.0
113.0,90.0,65.0,81.0
113.0,90.0,65.0,81.0
2
0
0
0
0
1
284.0,77.0,63.0,81.0
294.0,73.0,63.0,81.0
302.0,69.0,63.0,81.0
307.0,66.0,63.0,81.0
307.0,66.0,63.0,81.0
307.0,66.0,63.0,81.0
307.0,66.0,63.0,81.0
307.0,66.0,63.0,81.0
307.0,66.0,63.0,81.0
307.0,66.0,63.0,81.0
2
0
0
0
0
1
82.0,79.0,85.0,87.0
62.0,74.0,85.0,87.0
41.0,71.0,85.0,87.0
20.0,71.0,85.0,87.0
20.0,71.0,85.0,87.0
20.0,71.0,85.0,87.0
20.0,71.0,85.0,87.0
20.0,71.0,85.0,87.0
20.0,71.0,85.0,87.0
20.0,71.0,85.0,87.0
20.0,71.0,85.0,87.0
20.0,71.0,85.0,87.0
-1.0,71.0,85.0,87.0
-1.0,71.0,85.0,87.0
-1.0,71.0,85.0,87.0
-1.0,71.0,85.0,87.0
-1.0,71.0,85.0,87.0
-1.0,71.0,85.0,87.0
-1.0,71.0,85.0,87.0
-1.0,71.0,85.0,87.0
-1.0,71.0,85.0,87.0
60.0,96.0,85.0,87.0
60.0,96.0,85.0,87.0
60.0,96.0,85.0,87.0
60.0,96.0,85.0,87.0
60.0,96.0,85.0,87.0
2
0
0
0
0
1
288.0,110.0,75.0,81.0
309.0,109.0,75.0,81.0
325.0,107.0,75.0,81.0
338.0,104.0,75.0,81.0
338.0,104.0,75.0,81.0
338.0,104.0,75.0,81.0
338.0,104.0,75.0,81.0
338.0,104.0,75.0,81.0
338.0,104.0,75.0,81.0
338.0,104.0,75.0,81.0
338.0,104.0,75.0,81.0
338.0,104.0,75.0,81.0
338.0,104.0,75.0,81.0
338.0,104.0,75.0,81.0
338.0,104.0,75.0,81.0
2
0
0
0
0
1
191.0,81.0,85.0,90.0
176.0,77.0,85.0,90.0
161.0,75.0,85.0,90.0
151.0,77.0,85.0,90.0
151.0,77.0,85.0,90.0
151.0,77.0,85.0,90.0
151.0,77.0,85.0,90.0
151.0,77.0,85.0,90.0
151.0,77.0,85.0,90.0
2
0
0
0
0
1
235.0,104.0,71.0,79.0
230.0,104.0,71.0,79.0
225.0,102.0,71.0,79.0
218.0,97.0,73.0,79.0
218.0,97.0,73.0,79.0
218.0,97.0,73.0,79.0
218.0,97.0,73.0,79.0
218.0,97.0,73.0,79.0
218.0,97.0,73.0,79.0
2
0
0
0
0
1
301.0,73.0,65.0,78.0
294.0,83.0,65.0,78.0
284.0,99.0,65.0,78.0
274.0,116.0,65.0,78.0
274.0,116.0,65.0,78.0
274.0,116.0,65.0,78.0
274.0,116.0,65.0,78.0
274.0,116.0,65.0,78.0
274.0,116.0,65.0,78.0
274.0,116.0,65.0,78.0
274.0,116.0,65.0,78.0
274.0,116.0,65.0,78.0
274.0,116.0,65.0,78.0
274.0,116.0,65.0,78.0
264.0,133.0,65.0,78.0
264.0,133.0,65.0,78.0
2
0
0
0
0
1
172.0,90.0,79.0,81.0
175.0,90.0,79.0,81.0
178.0,90.0,79.0,81.0
181.0,90.0,79.0,81.0
181.0,90.0,79.0,81.0
181.0,90.0,79.0,81.0
181.0,90.0,79.0,81.0
181.0,90.0,79.0,81.0
181.0,90.0,79.0,81.0
181.0,90.0,79.0,81.0
181.0,90.0,79.0,81.0
181.0,90.0,79.0,81.0
181.0,90.0,79.0,81.0
181.0,90.0,79.0,81.0
181.0,90.0,79.0,81.0
212.0,77.0,79.0,81.0
212.0,77.0,79.0,81.0
212.0,77.0,79.0,81.0
212.0,77.0,79.0,81.0
212.0,77.0,79.0,81.0
212.0,77.0,79.0,81.0
212.0,77.0,79.0,81.0
212.0,77.0,79.0,81.0
212.0,77.0,79.0,81.0
212.0,77.0,79.0,81.0
212.0,77.0,79.0,81.0
212.0,77.0,79.0,81.0
242.0,64.0,79.0,81.0
242.0,64.0,79.0,81.0
242.0,64.0,79.0,81.0
242.0,64.0,79.0,81.0
242.0,64.0,79.0,81.0
242.0,64.0,79.0,81.0
242.0,64.0,79.0,81.0
2
0
0
0
0
1
161.0,68.0,105.0,95.0
167.0,57.0,105.0,95.0
184.0,49.0,105.0,95.0
200.0,44.0,105.0,95.0
200.0,44.0,105.0,95.0
200.0,44.0,105.0,95.0
200.0,44.0,105.0,95.0
200.0,44.0,105.0,95.0
200.0,44.0,105.0,95.0
200.0,44.0,105.0,95.0
200.0,44.0,105.0,95.0
200.0,44.0,105.0,95.0
200.0,44.0,105.0,95.0
216.0,39.0,105.0,95.0
216.0,39.0,105.0,95.0
216.0,39.0,105.0,95.0
216.0,39.0,105.0,95.0
216.0,39.0,105.0,95.0
216.0,39.0,105.0,95.0
216.0,39.0,105.0,95.0
216.0,39.0,105.0,95.0
216.0,39.0,105.0,95.0
216.0,39.0,105.0,95.0
215.0,81.0,105.0,95.0
215.0,81.0,105.0,95.0
215.0,81.0,105.0,95.0
215.0,81.0,105.0,95.0
215.0,81.0,105.0,95.0
215.0,81.0,105.0,95.0
215.0,81.0,105.0,95.0
215.0,81.0,105.0,95.0
215.0,81.0,105.0,95.0
215.0,81.0,105.0,95.0
176.0,106.0,105.0,95.0
176.0,106.0,105.0,95.0
176.0,106.0,105.0,95.0
176.0,106.0,105.0,95.0
176.0,106.0,105.0,95.0
176.0,106.0,105.0,95.0
176.0,106.0,105.0,95.0
176.0,106.0,105.0,95.0
176.0,106.0,105.0,95.0
176.0,106.0,105.0,95.0
160.0,55.0,105.0,95.0
160.0,55.0,105.0,95.0
160.0,55.0,105.0,95.0
160.0,55.0,105.0,95.0
160.0,55.0,105.0,95.0
160.0,55.0,105.0,95.0
160.0,55.0,105.0,95.0
160.0,55.0,105.0,95.0
160.0,55.0,105.0,95.0
160.0,55.0,105.0,95.0
160.0,55.0,105.0,95.0
126.0,53.0,105.0,95.0
126.0,53.0,105.0,95.0
126.0,53.0,105.0,95.0
126.0,53.0,105.0,95.0
126.0,53.0,105.0,95.0
126.0,53.0,105.0,95.0
126.0,53.0,105.0,95.0
126.0,53.0,105.0,95.0
126.0,53.0,105.0,95.0
126.0,53.0,105.0,95.0
2
0
0
0
0
1
241.0,79.0,93.0,104.0
238.0,79.0,93.0,104.0
236.0,79.0,93.0,104.0
232.0,81.0,93.0,104.0
232.0,81.0,93.0,104.0
232.0,81.0,93.0,104.0
232.0,81.0,93.0,104.0
232.0,81.0,93.0,104.0
232.0,81.0,93.0,104.0
232.0,81.0,93.0,104.0
232.0,81.0,93.0,104.0
232.0,81.0,93.0,104.0
232.0,81.0,93.0,104.0
228.0,83.0,93.0,104.0
228.0,83.0,93.0,104.0
228.0,83.0,93.0,104.0
228.0,83.0,93.0,104.0
228.0,83.0,93.0,104.0
228.0,83.0,93.0,104.0
228.0,83.0,93.0,104.0
228.0,83.0,93.0,104.0
228.0,83.0,93.0,104.0
228.0,83.0,93.0,104.0
224.0,85.0,93.0,104.0
224.0,85.0,93.0,104.0
224.0,85.0,93.0,104.0
224.0,85.0,93.0,104.0
224.0,85.0,93.0,104.0
224.0,85.0,93.0,104.0
224.0,85.0,93.0,104.0
224.0,85.0,93.0,104.0
224.0,85.0,93.0,104.0
224.0,85.0,93.0,104.0
220.0,87.0,93.0,104.0
220.0,87.0,93.0,104.0
220.0,87.0,93.0,104.0
220.0,87.0,93.0,104.0
220.0,87.0,93.0,104.0
220.0,87.0,93.0,104.0
220.0,87.0,93.0,104.0
220.0,87.0,93.0,104.0
220.0,87.0,93.0,104.0
220.0,87.0,93.0,104.0
216.0,89.0,93.0,104.0
216.0,89.0,93.0,104.0
216.0,89.0,93.0,104.0
216.0,89.0,93.0,104.0
216.0,89.0,93.0,104.0
216.0,89.0,93.0,104.0
2
0
0
0
0
1
179.0,82.0,70.0,84.0
147.0,91.0,70.0,84.0
126.0,98.0,70.0,84.0
124.0,104.0,70.0,84.0
124.0,104.0,70.0,84.0
124.0,104.0,70.0,84.0
2
0
0
0
0
1
128.0,91.0,70.0,83.0
121.0,96.0,70.0,83.0
128.0,98.0,70.0,83.0
145.0,94.0,70.0,83.0
145.0,94.0,70.0,83.0
