1
183.0,208.0,45.0,110.0
182.0,208.0,45.0,110.0
180.0,208.0,45.0,110.0
178.0,208.0,45.0,110.0
178.0,208.0,45.0,110.0
178.0,208.0,45.0,110.0
178.0,208.0,45.0,110.0
178.0,208.0,45.0,110.0
178.0,208.0,45.0,110.0
178.0,208.0,45.0,110.0
176.0,208.0,45.0,110.0
176.0,208.0,45.0,110.0
176.0,208.0,45.0,110.0
176.0,208.0,45.0,110.0
176.0,208.0,45.0,110.0
176.0,208.0,45.0,110.0
176.0,208.0,45.0,110.0
174.0,208.0,45.0,110.0
174.0,208.0,45.0,110.0
174.0,208.0,45.0,110.0
174.0,208.0,45.0,110.0
174.0,208.0,45.0,110.0
174.0,208.0,45.0,110.0
174.0,208.0,45.0,110.0
172.0,208.0,45.0,110.0
2
0
0
0
0
1
246.0,225.0,52.0,93.0
250.0,224.0,52.0,93.0
254.0,223.0,52.0,93.0
258.0,222.0,52.0,93.0
258.0,222.0,52.0,93.0
258.0,222.0,52.0,93.0
258.0,222.0,52.0,93.0
258.0,222.0,52.0,93.0
258.0,222.0,52.0,93.0
258.0,222.0,52.0,93.0
258.0,222.0,52.0,93.0
258.0,222.0,52.0,93.0
262.0,221.0,52.0,93.0
262.0,221.0,52.0,93.0
262.0,221.0,52.0,93.0
262.0,221.0,52.0,93.0
262.0,221.0,52.0,93.0
262.0,221.0,52.0,93.0
262.0,221.0,52.0,93.0
262.0,221.0,52.0,93.0
262.0,221.0,52.0,93.0
274.0,221.0,52.0,93.0
274.0,221.0,52.0,93.0
274.0,221.0,52.0,93.0
274.0,221.0,52.0,93.0
274.0,221.0,52.0,93.0
274.0,221.0,52.0,93.0
274.0,221.0,52.0,93.0
274.0,221.0,52.0,93.0
274.0,221.0,52.0,93.0
266.0,221.0,52.0,93.0
266.0,221.0,52.0,93.0
266.0,221.0,52.0,93.0
266.0,221.0,52.0,93.0
266.0,221.0,52.0,93.0
266.0,221.0,52.0,93.0
266.0,221.0,52.0,93.0
266.0,221.0,52.0,93.0
266.0,221.0,52.0,93.0
258.0,221.0,52.0,93.0
258.0,221.0,52.0,93.0
2
0
0
0
0
1
160.0,230.0,55.0,116.0
156.0,230.0,55.0,116.0
151.0,230.0,55.0,116.0
146.0,229.0,55.0,116.0
146.0,229.0,55.0,116.0
146.0,229.0,55.0,116.0
146.0,229.0,55.0,116.0
146.0,229.0,55.0,116.0
146.0,229.0,55.0,116.0
141.0,228.0,55.0,116.0
141.0,228.0,55.0,116.0
141.0,228.0,55.0,116.0
141.0,228.0,55.0,116.0
141.0,228.0,55.0,116.0
141.0,228.0,55.0,116.0
136.0,227.0,55.0,116.0
136.0,227.0,55.0,116.0
136.0,227.0,55.0,116.0
136.0,227.0,55.0,116.0
136.0,227.0,55.0,116.0
136.0,227.0,55.0,116.0
131.0,226.0,55.0,116.0
131.0,226.0,55.0,116.0
131.0,226.0,55.0,116.0
131.0,226.0,55.0,116.0
131.0,226.0,55.0,116.0
131.0,226.0,55.0,116.0
126.0,225.0,55.0,116.0
126.0,225.0,55.0,116.0
126.0,225.0,55.0,116.0
126.0,225.0,55.0,116.0
126.0,225.0,55.0,116.0
126.0,225.0,55.0,116.0
121.0,224.0,55.0,116.0
121.0,224.0,55.0,116.0
121.0,224.0,55.0,116.0
121.0,224.0,55.0,116.0
121.0,224.0,55.0,116.0
121.0,224.0,55.0,116.0
116.0,223.0,55.0,116.0
116.0,223.0,55.0,116.0
2
0
0
0
0
1
179.0,172.0,58.0,108.0
182.0,171.0,58.0,108.0
185.0,171.0,58.0,108.0
188.0,172.0,58.0,108.0
188.0,172.0,58.0,108.0
188.0,172.0,58.0,108.0
188.0,172.0,58.0,108.0
188.0,172.0,58.0,108.0
188.0,172.0,58.0,108.0
188.0,172.0,58.0,108.0
191.0,173.0,58.0,108.0
191.0,173.0,58.0,108.0
191.0,173.0,58.0,108.0
191.0,173.0,58.0,108.0
191.0,173.0,58.0,108.0
191.0,173.0,58.0,108.0
191.0,173.0,58.0,108.0
211.0,160.0,58.0,108.0
211.0,160.0,58.0,108.0
211.0,160.0,58.0,108.0
211.0,160.0,58.0,108.0
211.0,160.0,58.0,108.0
211.0,160.0,58.0,108.0
211.0,160.0,58.0,108.0
222.0,156.0,58.0,108.0
222.0,156.0,58.0,108.0
222.0,156.0,58.0,108.0
222.0,156.0,58.0,108.0
222.0,156.0,58.0,108.0
222.0,156.0,58.0,108.0
222.0,156.0,58.0,108.0
238.0,152.0,58.0,108.0
238.0,152.0,58.0,108.0
238.0,152.0,58.0,108.0
238.0,152.0,58.0,108.0
238.0,152.0,58.0,108.0
238.0,152.0,58.0,108.0
238.0,152.0,58.0,108.0
248.0,155.0,58.0,108.0
248.0,155.0,58.0,108.0
248.0,155.0,58.0,108.0
248.0,155.0,58.0,108.0
248.0,155.0,58.0,108.0
248.0,155.0,58.0,108.0
248.0,155.0,58.0,108.0
264.0,157.0,58.0,108.0
264.0,157.0,58.0,108.0
264.0,157.0,58.0,108.0
264.0,157.0,58.0,108.0
264.0,157.0,58.0,108.0
264.0,157.0,58.0,108.0
264.0,157.0,58.0,108.0
268.0,153.0,58.0,108.0
268.0,153.0,58.0,108.0
268.0,153.0,58.0,108.0
268.0,153.0,58.0,108.0
268.0,153.0,58.0,108.0
268.0,153.0,58.0,108.0
268.0,153.0,58.0,108.0
267.0,149.0,58.0,108.0
267.0,149.0,58.0,108.0
267.0,149.0,58.0,108.0
267.0,149.0,58.0,108.0
267.0,149.0,58.0,108.0
267.0,149.0,58.0,108.0
267.0,149.0,58.0,108.0
272.0,149.0,58.0,108.0
272.0,149.0,58.0,108.0
272.0,149.0,58.0,108.0
272.0,149.0,58.0,108.0
272.0,149.0,58.0,108.0
272.0,149.0,58.0,108.0
272.0,149.0,58.0,108.0
271.0,149.0,58.0,108.0
271.0,149.0,58.0,108.0
271.0,149.0,58.0,108.0
271.0,149.0,58.0,108.0
271.0,149.0,58.0,108.0
271.0,149.0,58.0,108.0
271.0,149.0,58.0,108.0
274.0,149.0,58.0,108.0
274.0,149.0,58.0,108.0
274.0,149.0,58.0,108.0
274.0,149.0,58.0,108.0
274.0,149.0,58.0,108.0
274.0,149.0,58.0,108.0
274.0,149.0,58.0,108.0
268.0,155.0,60.0,108.0
268.0,155.0,60.0,108.0
268.0,155.0,60.0,108.0
268.0,155.0,60.0,108.0
268.0,155.0,60.0,108.0
268.0,155.0,60.0,108.0
268.0,155.0,60.0,108.0
267.0,156.0,58.0,108.0
267.0,156.0,58.0,108.0
267.0,156.0,58.0,108.0
267.0,156.0,58.0,108.0
267.0,156.0,58.0,108.0
267.0,156.0,58.0,108.0
267.0,156.0,58.0,108.0
260.0,155.0,60.0,108.0
260.0,155.0,60.0,108.0
260.0,155.0,60.0,108.0
260.0,155.0,60.0,108.0
260.0,155.0,60.0,108.0
260.0,155.0,60.0,108.0
260.0,155.0,60.0,108.0
246.0,153.0,58.0,108.0
246.0,153.0,58.0,108.0
246.0,153.0,58.0,108.0
246.0,153.0,58.0,108.0
246.0,153.0,58.0,108.0
246.0,153.0,58.0,108.0
246.0,153.0,58.0,108.0
231.0,151.0,58.0,108.0
231.0,151.0,58.0,108.0
231.0,151.0,58.0,108.0
231.0,151.0,58.0,108.0
231.0,151.0,58.0,108.0
231.0,151.0,58.0,108.0
231.0,151.0,58.0,108.0
216.0,149.0,58.0,108.0
216.0,149.0,58.0,108.0
216.0,149.0,58.0,108.0
216.0,149.0,58.0,108.0
216.0,149.0,58.0,108.0
216.0,149.0,58.0,108.0
216.0,149.0,58.0,108.0
201.0,147.0,58.0,108.0
201.0,147.0,58.0,108.0
201.0,147.0,58.0,108.0
201.0,147.0,58.0,108.0
201.0,147.0,58.0,108.0
201.0,147.0,58.0,108.0
201.0,147.0,58.0,108.0
186.0,145.0,58.0,108.0
186.0,145.0,58.0,108.0
186.0,145.0,58.0,108.0
186.0,145.0,58.0,108.0
186.0,145.0,58.0,108.0
186.0,145.0,58.0,108.0
2
0
0
0
0
1
178.0,186.0,67.0,112.0
178.0,187.0,67.0,112.0
178.0,187.0,67.0,112.0
179.0,186.0,67.0,112.0
179.0,186.0,67.0,112.0
179.0,186.0,67.0,112.0
179.0,186.0,67.0,112.0
179.0,186.0,67.0,112.0
179.0,186.0,67.0,112.0
180.0,185.0,67.0,112.0
180.0,185.0,67.0,112.0
180.0,185.0,67.0,112.0
180.0,185.0,67.0,112.0
180.0,185.0,67.0,112.0
180.0,185.0,67.0,112.0
181.0,184.0,67.0,112.0
181.0,184.0,67.0,112.0
181.0,184.0,67.0,112.0
181.0,184.0,67.0,112.0
181.0,184.0,67.0,112.0
181.0,184.0,67.0,112.0
181.0,184.0,67.0,112.0
182.0,183.0,67.0,112.0
182.0,183.0,67.0,112.0
182.0,183.0,67.0,112.0
182.0,183.0,67.0,112.0
182.0,183.0,67.0,112.0
182.0,183.0,67.0,112.0
183.0,182.0,67.0,112.0
183.0,182.0,67.0,112.0
183.0,182.0,67.0,112.0
183.0,182.0,67.0,112.0
183.0,182.0,67.0,112.0
183.0,182.0,67.0,112.0
184.0,181.0,67.0,112.0
184.0,181.0,67.0,112.0
184.0,181.0,67.0,112.0
184.0,181.0,67.0,112.0
184.0,181.0,67.0,112.0
2
0
0
0
0
1
124.0,198.0,60.0,136.0
123.0,199.0,60.0,136.0
122.0,199.0,60.0,136.0
122.0,199.0,60.0,136.0
122.0,199.0,60.0,136.0
122.0,199.0,60.0,136.0
122.0,199.0,60.0,136.0
122.0,199.0,60.0,136.0
122.0,199.0,60.0,136.0
123.0,201.0,60.0,136.0
123.0,201.0,60.0,136.0
123.0,201.0,60.0,136.0
123.0,201.0,60.0,136.0
123.0,201.0,60.0,136.0
123.0,201.0,60.0,136.0
124.0,203.0,60.0,136.0
124.0,203.0,60.0,136.0
124.0,203.0,60.0,136.0
124.0,203.0,60.0,136.0
124.0,203.0,60.0,136.0
124.0,203.0,60.0,136.0
125.0,205.0,60.0,136.0
125.0,205.0,60.0,136.0
125.0,205.0,60.0,136.0
125.0,205.0,60.0,136.0
125.0,205.0,60.0,136.0
125.0,205.0,60.0,136.0
126.0,207.0,60.0,136.0
126.0,207.0,60.0,136.0
126.0,207.0,60.0,136.0
126.0,207.0,60.0,136.0
126.0,207.0,60.0,136.0
126.0,207.0,60.0,136.0
127.0,209.0,60.0,136.0
127.0,209.0,60.0,136.0
127.0,209.0,60.0,136.0
127.0,209.0,60.0,136.0
127.0,209.0,60.0,136.0
127.0,209.0,60.0,136.0
128.0,211.0,60.0,136.0
128.0,211.0,60.0,136.0
128.0,211.0,60.0,136.0
128.0,211.0,60.0,136.0
128.0,211.0,60.0,136.0
128.0,211.0,60.0,136.0
129.0,213.0,60.0,136.0
129.0,213.0,60.0,136.0
129.0,213.0,60.0,136.0
129.0,213.0,60.0,136.0
129.0,213.0,60.0,136.0
129.0,213.0,60.0,136.0
130.0,215.0,60.0,136.0
130.0,215.0,60.0,136.0
130.0,215.0,60.0,136.0
130.0,215.0,60.0,136.0
130.0,215.0,60.0,136.0
130.0,215.0,60.0,136.0
131.0,217.0,60.0,136.0
131.0,217.0,60.0,136.0
131.0,217.0,60.0,136.0
131.0,217.0,60.0,136.0
131.0,217.0,60.0,136.0
131.0,217.0,60.0,136.0
132.0,219.0,60.0,136.0
132.0,219.0,60.0,136.0
132.0,219.0,60.0,136.0
132.0,219.0,60.0,136.0
132.0,219.0,60.0,136.0
132.0,219.0,60.0,136.0
136.0,220.0,64.0,136.0
136.0,220.0,64.0,136.0
136.0,220.0,64.0,136.0
136.0,220.0,64.0,136.0
136.0,220.0,64.0,136.0
136.0,220.0,64.0,136.0
141.0,222.0,60.0,136.0
141.0,222.0,60.0,136.0
141.0,222.0,60.0,136.0
141.0,222.0,60.0,136.0
141.0,222.0,60.0,136.0
141.0,222.0,60.0,136.0
144.0,222.0,60.0,136.0
144.0,222.0,60.0,136.0
144.0,222.0,60.0,136.0
144.0,222.0,60.0,136.0
144.0,222.0,60.0,136.0
144.0,222.0,60.0,136.0
146.0,221.0,60.0,136.0
146.0,221.0,60.0,136.0
146.0,221.0,60.0,136.0
146.0,221.0,60.0,136.0
146.0,221.0,60.0,136.0
146.0,221.0,60.0,136.0
150.0,221.0,60.0,136.0
150.0,221.0,60.0,136.0
150.0,221.0,60.0,136.0
150.0,221.0,60.0,136.0
150.0,221.0,60.0,136.0
150.0,221.0,60.0,136.0
154.0,221.0,60.0,136.0
154.0,221.0,60.0,136.0
154.0,221.0,60.0,136.0
154.0,221.0,60.0,136.0
154.0,221.0,60.0,136.0
154.0,221.0,60.0,136.0
156.0,221.0,60.0,136.0
156.0,221.0,60.0,136.0
156.0,221.0,60.0,136.0
156.0,221.0,60.0,136.0
156.0,221.0,60.0,136.0
156.0,221.0,60.0,136.0
161.0,221.0,60.0,136.0
161.0,221.0,60.0,136.0
161.0,221.0,60.0,136.0
161.0,221.0,60.0,136.0
161.0,221.0,60.0,136.0
161.0,221.0,60.0,136.0
169.0,222.0,60.0,136.0
169.0,222.0,60.0,136.0
169.0,222.0,60.0,136.0
169.0,222.0,60.0,136.0
169.0,222.0,60.0,136.0
169.0,222.0,60.0,136.0
177.0,223.0,60.0,136.0
177.0,223.0,60.0,136.0
177.0,223.0,60.0,136.0
177.0,223.0,60.0,136.0
177.0,223.0,60.0,136.0
177.0,223.0,60.0,136.0
186.0,226.0,60.0,136.0
186.0,226.0,60.0,136.0
186.0,226.0,60.0,136.0
186.0,226.0,60.0,136.0
186.0,226.0,60.0,136.0
186.0,226.0,60.0,136.0
189.0,229.0,60.0,136.0
189.0,229.0,60.0,136.0
189.0,229.0,60.0,136.0
189.0,229.0,60.0,136.0
189.0,229.0,60.0,136.0
189.0,229.0,60.0,136.0
192.0,232.0,60.0,136.0
192.0,232.0,60.0,136.0
192.0,232.0,60.0,136.0
192.0,232.0,60.0,136.0
2
0
0
0
0
1
282.0,218.0,53.0,125.0
289.0,217.0,53.0,125.0
295.0,217.0,53.0,125.0
301.0,217.0,53.0,125.0
301.0,217.0,53.0,125.0
301.0,217.0,53.0,125.0
301.0,217.0,53.0,125.0
301.0,217.0,53.0,125.0
301.0,217.0,53.0,125.0
307.0,217.0,53.0,125.0
2
0
0
0
0
1
405.0,228.0,47.0,82.0
410.0,232.0,47.0,82.0
413.0,235.0,47.0,82.0
415.0,236.0,47.0,82.0
415.0,236.0,47.0,82.0
415.0,236.0,47.0,82.0
415.0,236.0,47.0,82.0
415.0,236.0,47.0,82.0
415.0,236.0,47.0,82.0
415.0,236.0,47.0,82.0
415.0,236.0,47.0,82.0
417.0,237.0,47.0,82.0
417.0,237.0,47.0,82.0
417.0,237.0,47.0,82.0
417.0,237.0,47.0,82.0
417.0,237.0,47.0,82.0
417.0,237.0,47.0,82.0
417.0,237.0,47.0,82.0
417.0,237.0,47.0,82.0
419.0,238.0,47.0,82.0
419.0,238.0,47.0,82.0
2
0
0
0
0
1
355.0,184.0,40.0,110.0
353.0,184.0,40.0,110.0
351.0,183.0,40.0,110.0
349.0,182.0,40.0,110.0
349.0,182.0,40.0,110.0
349.0,182.0,40.0,110.0
349.0,182.0,40.0,110.0
349.0,182.0,40.0,110.0
349.0,182.0,40.0,110.0
347.0,181.0,40.0,110.0
347.0,181.0,40.0,110.0
347.0,181.0,40.0,110.0
347.0,181.0,40.0,110.0
347.0,181.0,40.0,110.0
347.0,181.0,40.0,110.0
347.0,181.0,40.0,110.0
345.0,180.0,40.0,110.0
345.0,180.0,40.0,110.0
345.0,180.0,40.0,110.0
345.0,180.0,40.0,110.0
345.0,180.0,40.0,110.0
345.0,180.0,40.0,110.0
345.0,180.0,40.0,110.0
343.0,179.0,40.0,110.0
343.0,179.0,40.0,110.0
343.0,179.0,40.0,110.0
343.0,179.0,40.0,110.0
343.0,179.0,40.0,110.0
343.0,179.0,40.0,110.0
341.0,178.0,40.0,110.0
341.0,178.0,40.0,110.0
341.0,178.0,40.0,110.0
341.0,178.0,40.0,110.0
341.0,178.0,40.0,110.0
341.0,178.0,40.0,110.0
339.0,177.0,40.0,110.0
339.0,177.0,40.0,110.0
339.0,177.0,40.0,110.0
339.0,177.0,40.0,110.0
339.0,177.0,40.0,110.0
339.0,177.0,40.0,110.0
339.0,177.0,40.0,110.0
337.0,176.0,40.0,110.0
337.0,176.0,40.0,110.0
337.0,176.0,40.0,110.0
337.0,176.0,40.0,110.0
337.0,176.0,40.0,110.0
337.0,176.0,40.0,110.0
337.0,176.0,40.0,110.0
335.0,175.0,40.0,110.0
335.0,175.0,40.0,110.0
335.0,175.0,40.0,110.0
335.0,175.0,40.0,110.0
335.0,175.0,40.0,110.0
335.0,175.0,40.0,110.0
335.0,175.0,40.0,110.0
333.0,174.0,40.0,110.0
333.0,174.0,40.0,110.0
333.0,174.0,40.0,110.0
333.0,174.0,40.0,110.0
333.0,174.0,40.0,110.0
333.0,174.0,40.0,110.0
331.0,173.0,40.0,110.0
331.0,173.0,40.0,110.0
331.0,173.0,40.0,110.0
331.0,173.0,40.0,110.0
331.0,173.0,40.0,110.0
331.0,173.0,40.0,110.0
331.0,173.0,40.0,110.0
329.0,172.0,40.0,110.0
329.0,172.0,40.0,110.0
329.0,172.0,40.0,110.0
329.0,172.0,40.0,110.0
329.0,172.0,40.0,110.0
329.0,172.0,40.0,110.0
329.0,172.0,40.0,110.0
327.0,171.0,40.0,110.0
327.0,171.0,40.0,110.0
327.0,171.0,40.0,110.0
327.0,171.0,40.0,110.0
327.0,171.0,40.0,110.0
327.0,171.0,40.0,110.0
327.0,171.0,40.0,110.0
290.0,160.0,40.0,110.0
290.0,160.0,40.0,110.0
290.0,160.0,40.0,110.0
290.0,160.0,40.0,110.0
290.0,160.0,40.0,110.0
290.0,160.0,40.0,110.0
290.0,160.0,40.0,110.0
302.0,158.0,40.0,110.0
302.0,158.0,40.0,110.0
302.0,158.0,40.0,110.0
302.0,158.0,40.0,110.0
302.0,158.0,40.0,110.0
302.0,158.0,40.0,110.0
302.0,158.0,40.0,110.0
317.0,158.0,40.0,110.0
317.0,158.0,40.0,110.0
317.0,158.0,40.0,110.0
317.0,158.0,40.0,110.0
317.0,158.0,40.0,110.0
317.0,158.0,40.0,110.0
327.0,154.0,40.0,110.0
327.0,154.0,40.0,110.0
327.0,154.0,40.0,110.0
327.0,154.0,40.0,110.0
327.0,154.0,40.0,110.0
327.0,154.0,40.0,110.0
337.0,150.0,40.0,110.0
337.0,150.0,40.0,110.0
337.0,150.0,40.0,110.0
337.0,150.0,40.0,110.0
337.0,150.0,40.0,110.0
337.0,150.0,40.0,110.0
347.0,146.0,40.0,110.0
347.0,146.0,40.0,110.0
347.0,146.0,40.0,110.0
347.0,146.0,40.0,110.0
347.0,146.0,40.0,110.0
347.0,146.0,40.0,110.0
2
0
0
0
0
1
321.0,157.0,48.0,97.0
322.0,157.0,48.0,97.0
323.0,157.0,48.0,97.0
324.0,157.0,48.0,97.0
324.0,157.0,48.0,97.0
324.0,157.0,48.0,97.0
324.0,157.0,48.0,97.0
324.0,157.0,48.0,97.0
324.0,157.0,48.0,97.0
324.0,157.0,48.0,97.0
324.0,157.0,48.0,97.0
324.0,157.0,48.0,97.0
325.0,157.0,48.0,97.0
325.0,157.0,48.0,97.0
325.0,157.0,48.0,97.0
325.0,157.0,48.0,97.0
325.0,157.0,48.0,97.0
325.0,157.0,48.0,97.0
325.0,157.0,48.0,97.0
325.0,157.0,48.0,97.0
325.0,157.0,48.0,97.0
326.0,157.0,48.0,97.0
326.0,157.0,48.0,97.0
326.0,157.0,48.0,97.0
326.0,157.0,48.0,97.0
326.0,157.0,48.0,97.0
326.0,157.0,48.0,97.0
326.0,157.0,48.0,97.0
326.0,157.0,48.0,97.0
326.0,157.0,48.0,97.0
327.0,157.0,48.0,97.0
327.0,157.0,48.0,97.0
327.0,157.0,48.0,97.0
327.0,157.0,48.0,97.0
327.0,157.0,48.0,97.0
327.0,157.0,48.0,97.0
327.0,157.0,48.0,97.0
327.0,157.0,48.0,97.0
327.0,157.0,48.0,97.0
328.0,157.0,48.0,97.0
328.0,157.0,48.0,97.0
328.0,157.0,48.0,97.0
328.0,157.0,48.0,97.0
328.0,157.0,48.0,97.0
328.0,157.0,48.0,97.0
328.0,157.0,48.0,97.0
328.0,157.0,48.0,97.0
328.0,157.0,48.0,97.0
329.0,157.0,48.0,97.0
329.0,157.0,48.0,97.0
329.0,157.0,48.0,97.0
329.0,157.0,48.0,97.0
329.0,157.0,48.0,97.0
329.0,157.0,48.0,97.0
329.0,157.0,48.0,97.0
329.0,157.0,48.0,97.0
329.0,157.0,48.0,97.0
330.0,157.0,48.0,97.0
330.0,157.0,48.0,97.0
330.0,157.0,48.0,97.0
330.0,157.0,48.0,97.0
330.0,157.0,48.0,97.0
330.0,157.0,48.0,97.0
330.0,157.0,48.0,97.0
330.0,157.0,48.0,97.0
330.0,157.0,48.0,97.0
331.0,157.0,48.0,97.0
331.0,157.0,48.0,97.0
331.0,157.0,48.0,97.0
331.0,157.0,48.0,97.0
331.0,157.0,48.0,97.0
331.0,157.0,48.0,97.0
331.0,157.0,48.0,97.0
331.0,157.0,48.0,97.0
331.0,157.0,48.0,97.0
332.0,157.0,48.0,97.0
332.0,157.0,48.0,97.0
332.0,157.0,48.0,97.0
332.0,157.0,48.0,97.0
332.0,157.0,48.0,97.0
332.0,157.0,48.0,97.0
332.0,157.0,48.0,97.0
332.0,157.0,48.0,97.0
332.0,157.0,48.0,97.0
333.0,157.0,48.0,97.0
