1
329.0,162.0,38.11000061035156,50.880001068115234
327.0,161.0,38.11000061035156,50.880001068115234
324.0,160.0,38.11000061035156,50.880001068115234
489.0,158.0,38.11000061035156,50.880001068115234
113.0,172.0,38.11000061035156,50.880001068115234
280.0,152.0,38.11000061035156,50.880001068115234
278.0,152.0,38.11000061035156,50.880001068115234
57.0,173.0,38.11000061035156,50.880001068115234
482.0,164.0,38.11000061035156,50.880001068115234
283.0,157.0,38.11000061035156,50.880001068115234
429.0,165.0,38.11000061035156,50.880001068115234
275.0,156.0,38.11000061035156,50.880001068115234
426.0,165.0,38.11000061035156,50.880001068115234
323.0,153.0,38.11000061035156,50.880001068115234
378.0,170.0,38.11000061035156,50.880001068115234
224.0,151.0,38.11000061035156,50.880001068115234
218.0,150.0,38.11000061035156,50.880001068115234
238.0,146.0,38.11000061035156,50.880001068115234
233.0,144.0,38.11000061035156,50.880001068115234
474.0,161.0,38.11000061035156,50.880001068115234
322.0,160.0,38.11000061035156,50.880001068115234
321.0,158.0,38.11000061035156,50.880001068115234
324.0,158.0,38.11000061035156,50.880001068115234
324.0,157.0,38.11000061035156,50.880001068115234
319.0,155.0,38.11000061035156,50.880001068115234
194.0,128.0,38.11000061035156,50.880001068115234
602.0,144.0,38.11000061035156,50.880001068115234
588.0,138.0,38.11000061035156,50.880001068115234
226.0,162.0,38.11000061035156,50.880001068115234
227.0,161.0,38.11000061035156,50.880001068115234
325.0,150.0,38.11000061035156,50.880001068115234
325.0,152.0,38.11000061035156,50.880001068115234
545.0,130.0,38.11000061035156,50.880001068115234
329.0,150.0,38.11000061035156,50.880001068115234
534.0,126.0,38.11000061035156,50.880001068115234
522.0,124.0,38.11000061035156,50.880001068115234
514.0,122.0,38.11000061035156,50.880001068115234
510.0,120.0,38.11000061035156,50.880001068115234
230.0,161.0,38.11000061035156,50.880001068115234
591.0,44.0,38.11000061035156,50.880001068115234
581.0,42.0,38.11000061035156,50.880001068115234
571.0,40.0,38.11000061035156,50.880001068115234
561.0,38.0,38.11000061035156,50.880001068115234
551.0,36.0,38.11000061035156,50.880001068115234
541.0,34.0,38.11000061035156,50.880001068115234
531.0,32.0,38.11000061035156,50.880001068115234
521.0,31.0,38.11000061035156,50.880001068115234
511.0,29.0,38.11000061035156,50.880001068115234
501.0,27.0,38.11000061035156,50.880001068115234
491.0,25.0,38.11000061035156,50.880001068115234
472.0,20.0,38.11000061035156,50.880001068115234
463.0,18.0,38.11000061035156,50.880001068115234
458.0,17.0,38.11000061035156,50.880001068115234
449.0,15.0,38.11000061035156,50.880001068115234
435.0,12.0,38.11000061035156,50.880001068115234
426.0,10.0,38.11000061035156,50.880001068115234
420.0,10.0,38.11000061035156,50.880001068115234
410.0,7.0,38.11000061035156,50.880001068115234
600.0,80.0,38.11000061035156,50.880001068115234
581.0,78.0,38.11000061035156,50.880001068115234
586.0,76.0,38.11000061035156,50.880001068115234
280.0,62.0,38.11000061035156,50.880001068115234
268.0,60.0,38.11000061035156,50.880001068115234
257.0,57.0,38.11000061035156,50.880001068115234
516.0,66.0,38.11000061035156,50.880001068115234
234.0,52.0,38.11000061035156,50.880001068115234
222.0,50.0,38.11000061035156,50.880001068115234
212.0,48.0,38.11000061035156,50.880001068115234
200.0,46.0,38.11000061035156,50.880001068115234
190.0,44.0,38.11000061035156,50.880001068115234
180.0,41.0,38.11000061035156,50.880001068115234
170.0,39.0,38.11000061035156,50.880001068115234
428.0,48.0,38.11000061035156,50.880001068115234
140.0,32.0,38.11000061035156,50.880001068115234
130.0,29.0,38.11000061035156,50.880001068115234
124.0,28.0,38.11000061035156,50.880001068115234
444.0,30.0,38.11000061035156,50.880001068115234
362.0,34.0,38.11000061035156,50.880001068115234
414.0,25.0,38.11000061035156,50.880001068115234
408.0,24.0,38.11000061035156,50.880001068115234
330.0,28.0,38.11000061035156,50.880001068115234
54.0,11.0,38.11000061035156,50.880001068115234
42.0,9.0,38.11000061035156,50.880001068115234
38.0,7.0,38.11000061035156,50.880001068115234
282.0,19.0,38.11000061035156,50.880001068115234
8.0,2.0,38.11000061035156,50.880001068115234
2.0,0.0,38.11000061035156,50.880001068115234
234.0,10.0,38.11000061035156,50.880001068115234
302.0,1.0,38.11000061035156,50.880001068115234
231.0,6.0,38.11000061035156,50.880001068115234
219.0,2.0,38.11000061035156,50.880001068115234
269.0,1.0,38.11000061035156,50.880001068115234
262.0,1.0,38.11000061035156,50.880001068115234
202.0,1.0,38.11000061035156,50.880001068115234
420.0,298.0,38.11000061035156,50.880001068115234
419.0,297.0,38.11000061035156,50.880001068115234
597.0,65.0,38.11000061035156,50.880001068115234
582.0,61.0,38.11000061035156,50.880001068115234
574.0,59.0,38.11000061035156,50.880001068115234
558.0,53.0,38.11000061035156,50.880001068115234
536.0,47.0,38.11000061035156,50.880001068115234
520.0,43.0,38.11000061035156,50.880001068115234
514.0,37.0,38.11000061035156,50.880001068115234
498.0,34.0,38.11000061035156,50.880001068115234
476.0,26.0,38.11000061035156,50.880001068115234
285.0,1.0,38.11000061035156,50.880001068115234
454.0,22.0,38.11000061035156,50.880001068115234
440.0,20.0,38.11000061035156,50.880001068115234
418.0,1.0,38.11000061035156,50.880001068115234
404.0,14.0,38.11000061035156,50.880001068115234
392.0,1.0,38.11000061035156,50.880001068115234
378.0,1.0,38.11000061035156,50.880001068115234
366.0,1.0,38.11000061035156,50.880001068115234
350.0,1.0,38.11000061035156,50.880001068115234
340.0,1.0,38.11000061035156,50.880001068115234
326.0,1.0,38.11000061035156,50.880001068115234
310.0,0.0,38.11000061035156,50.880001068115234
294.0,0.0,38.11000061035156,50.880001068115234
212.0,1.0,38.11000061035156,50.880001068115234
232.0,166.0,38.11000061035156,50.880001068115234
2.0,0.0,38.11000061035156,50.880001068115234
512.0,10.0,38.11000061035156,50.880001068115234
513.0,10.0,38.11000061035156,50.880001068115234
292.0,1.0,38.11000061035156,50.880001068115234
406.0,1.0,38.11000061035156,50.880001068115234
406.0,1.0,38.11000061035156,50.880001068115234
410.0,1.0,38.11000061035156,50.880001068115234
410.0,1.0,38.11000061035156,50.880001068115234
405.0,1.0,38.11000061035156,50.880001068115234
235.0,171.0,38.11000061035156,50.880001068115234
426.0,0.0,38.11000061035156,50.880001068115234
416.0,0.0,38.11000061035156,50.880001068115234
2.0,0.0,38.11000061035156,50.880001068115234
2.0,0.0,38.11000061035156,50.880001068115234
2.0,0.0,38.11000061035156,50.880001068115234
2.0,0.0,38.11000061035156,50.880001068115234
2.0,0.0,38.11000061035156,50.880001068115234
2.0,0.0,38.11000061035156,50.880001068115234
2.0,0.0,38.11000061035156,50.880001068115234
247.0,178.0,38.11000061035156,50.880001068115234
2.0,0.0,38.11000061035156,50.880001068115234
2.0,0.0,38.11000061035156,50.880001068115234
2.0,0.0,38.11000061035156,50.880001068115234
2.0,0.0,38.11000061035156,50.880001068115234
326.0,1.0,38.11000061035156,50.880001068115234
326.0,1.0,38.11000061035156,50.880001068115234
148.0,14.0,38.11000061035156,50.880001068115234
326.0,1.0,38.11000061035156,50.880001068115234
2.0,0.0,38.11000061035156,50.880001068115234
2.0,0.0,38.11000061035156,50.880001068115234
2.0,0.0,38.11000061035156,50.880001068115234
2.0,0.0,38.11000061035156,50.880001068115234
270.0,1.0,38.11000061035156,50.880001068115234
277.0,1.0,38.11000061035156,50.880001068115234
270.0,1.0,38.11000061035156,50.880001068115234
552.0,14.0,38.11000061035156,50.880001068115234
277.0,1.0,38.11000061035156,50.880001068115234
277.0,1.0,38.11000061035156,50.880001068115234
459.0,10.0,38.11000061035156,50.880001068115234
454.0,10.0,38.11000061035156,50.880001068115234
2.0,0.0,38.11000061035156,50.880001068115234
2.0,0.0,38.11000061035156,50.880001068115234
482.0,10.0,38.11000061035156,50.880001068115234
483.0,10.0,38.11000061035156,50.880001068115234
343.0,1.0,38.11000061035156,50.880001068115234
343.0,1.0,38.11000061035156,50.880001068115234
2.0,0.0,38.11000061035156,50.880001068115234
2.0,0.0,38.11000061035156,50.880001068115234
342.0,1.0,38.11000061035156,50.880001068115234
2.0,0.0,38.11000061035156,50.880001068115234
2.0,0.0,38.11000061035156,50.880001068115234
2.0,0.0,38.11000061035156,50.880001068115234
2.0,0.0,38.11000061035156,50.880001068115234
2.0,0.0,38.11000061035156,50.880001068115234
2.0,0.0,38.11000061035156,50.880001068115234
2.0,0.0,38.11000061035156,50.880001068115234
2.0,0.0,38.11000061035156,50.880001068115234
2.0,0.0,38.11000061035156,50.880001068115234
480.0,10.0,38.11000061035156,50.880001068115234
480.0,10.0,38.11000061035156,50.880001068115234
2.0,0.0,38.11000061035156,50.880001068115234
2.0,0.0,38.11000061035156,50.880001068115234
2.0,0.0,38.11000061035156,50.880001068115234
490.0,10.0,38.11000061035156,50.880001068115234
2.0,0.0,38.11000061035156,50.880001068115234
2.0,0.0,38.11000061035156,50.880001068115234
2.0,0.0,38.11000061035156,50.880001068115234
2.0,0.0,38.11000061035156,50.880001068115234
2.0,0.0,38.11000061035156,50.880001068115234
2.0,0.0,38.11000061035156,50.880001068115234
474.0,10.0,38.11000061035156,50.880001068115234
2.0,0.0,38.11000061035156,50.880001068115234
400.0,10.0,38.11000061035156,50.880001068115234
216.0,14.0,38.11000061035156,50.880001068115234
238.0,14.0,38.11000061035156,50.880001068115234
378.0,10.0,38.11000061035156,50.880001068115234
352.0,10.0,38.11000061035156,50.880001068115234
218.0,14.0,38.11000061035156,50.880001068115234
148.0,1.0,38.11000061035156,50.880001068115234
253.0,1.0,38.11000061035156,50.880001068115234
249.0,1.0,38.11000061035156,50.880001068115234
248.0,1.0,38.11000061035156,50.880001068115234
235.0,1.0,38.11000061035156,50.880001068115234
235.0,1.0,38.11000061035156,50.880001068115234
220.0,1.0,38.11000061035156,50.880001068115234
225.0,1.0,38.11000061035156,50.880001068115234
2.0,0.0,38.11000061035156,50.880001068115234
2.0,0.0,38.11000061035156,50.880001068115234
2.0,0.0,38.11000061035156,50.880001068115234
2.0,0.0,38.11000061035156,50.880001068115234
2.0,0.0,38.11000061035156,50.880001068115234
2.0,0.0,38.11000061035156,50.880001068115234
2.0,0.0,38.11000061035156,50.880001068115234
2.0,0.0,38.11000061035156,50.880001068115234
2.0,0.0,38.11000061035156,50.880001068115234
2.0,0.0,38.11000061035156,50.880001068115234
2.0,0.0,38.11000061035156,50.880001068115234
2.0,0.0,38.11000061035156,50.880001068115234
2.0,0.0,38.11000061035156,50.880001068115234
3.0,46.0,38.11000061035156,50.880001068115234
3.0,46.0,38.11000061035156,50.880001068115234
3.0,46.0,38.11000061035156,50.880001068115234
3.0,47.0,38.11000061035156,50.880001068115234
4.0,47.0,38.11000061035156,50.880001068115234
2.0,0.0,38.11000061035156,50.880001068115234
2.0,0.0,38.11000061035156,50.880001068115234
2.0,0.0,38.11000061035156,50.880001068115234
3.0,46.0,38.11000061035156,50.880001068115234
3.0,47.0,38.11000061035156,50.880001068115234
3.0,51.0,38.11000061035156,50.880001068115234
2.0,0.0,38.11000061035156,50.880001068115234
3.0,46.0,38.11000061035156,50.880001068115234
262.0,291.0,38.11000061035156,50.880001068115234
2.0,0.0,38.11000061035156,50.880001068115234
3.0,49.0,38.11000061035156,50.880001068115234
3.0,52.0,38.11000061035156,50.880001068115234
3.0,52.0,38.11000061035156,50.880001068115234
3.0,52.0,38.11000061035156,50.880001068115234
2.0,0.0,38.11000061035156,50.880001068115234
2.0,0.0,38.11000061035156,50.880001068115234
2.0,0.0,38.11000061035156,50.880001068115234
2.0,0.0,38.11000061035156,50.880001068115234
263.0,292.0,38.11000061035156,50.880001068115234
262.0,292.0,38.11000061035156,50.880001068115234
262.0,292.0,38.11000061035156,50.880001068115234
262.0,294.0,38.11000061035156,50.880001068115234
583.0,290.0,38.11000061035156,50.880001068115234
567.0,290.0,38.11000061035156,50.880001068115234
559.0,291.0,38.11000061035156,50.880001068115234
533.0,293.0,38.11000061035156,50.880001068115234
131.0,284.0,38.11000061035156,50.880001068115234
501.0,297.0,38.11000061035156,50.880001068115234
131.0,285.0,38.11000061035156,50.880001068115234
131.0,286.0,38.11000061035156,50.880001068115234
131.0,286.0,38.11000061035156,50.880001068115234
131.0,285.0,38.11000061035156,50.880001068115234
131.0,282.0,38.11000061035156,50.880001068115234
2.0,0.0,38.11000061035156,50.880001068115234
131.0,282.0,38.11000061035156,50.880001068115234
131.0,285.0,38.11000061035156,50.880001068115234
132.0,284.0,38.11000061035156,50.880001068115234
131.0,285.0,38.11000061035156,50.880001068115234
132.0,284.0,38.11000061035156,50.880001068115234
131.0,285.0,38.11000061035156,50.880001068115234
131.0,285.0,38.11000061035156,50.880001068115234
131.0,286.0,38.11000061035156,50.880001068115234
2.0,160.0,38.11000061035156,50.880001068115234
132.0,284.0,38.11000061035156,50.880001068115234
131.0,285.0,38.11000061035156,50.880001068115234
131.0,285.0,38.11000061035156,50.880001068115234
131.0,285.0,38.11000061035156,50.880001068115234
131.0,285.0,38.11000061035156,50.880001068115234
131.0,285.0,38.11000061035156,50.880001068115234
132.0,284.0,38.11000061035156,50.880001068115234
132.0,284.0,38.11000061035156,50.880001068115234
131.0,286.0,38.11000061035156,50.880001068115234
131.0,285.0,38.11000061035156,50.880001068115234
131.0,285.0,38.11000061035156,50.880001068115234
132.0,284.0,38.11000061035156,50.880001068115234
131.0,287.0,38.11000061035156,50.880001068115234
132.0,285.0,38.11000061035156,50.880001068115234
132.0,284.0,38.11000061035156,50.880001068115234
132.0,284.0,38.11000061035156,50.880001068115234
132.0,284.0,38.11000061035156,50.880001068115234
131.0,285.0,38.11000061035156,50.880001068115234
132.0,284.0,38.11000061035156,50.880001068115234
132.0,284.0,38.11000061035156,50.880001068115234
132.0,284.0,38.11000061035156,50.880001068115234
132.0,284.0,38.11000061035156,50.880001068115234
132.0,284.0,38.11000061035156,50.880001068115234
132.0,284.0,38.11000061035156,50.880001068115234
132.0,284.0,38.11000061035156,50.880001068115234
132.0,284.0,38.11000061035156,50.880001068115234
132.0,285.0,38.11000061035156,50.880001068115234
131.0,286.0,38.11000061035156,50.880001068115234
131.0,285.0,38.11000061035156,50.880001068115234
131.0,284.0,38.11000061035156,50.880001068115234
131.0,284.0,38.11000061035156,50.880001068115234
131.0,284.0,38.11000061035156,50.880001068115234
131.0,285.0,38.11000061035156,50.880001068115234
131.0,285.0,38.11000061035156,50.880001068115234
131.0,285.0,38.11000061035156,50.880001068115234
131.0,286.0,38.11000061035156,50.880001068115234
131.0,286.0,38.11000061035156,50.880001068115234
131.0,286.0,38.11000061035156,50.880001068115234
131.0,287.0,38.11000061035156,50.880001068115234
131.0,287.0,38.11000061035156,50.880001068115234
131.0,285.0,38.11000061035156,50.880001068115234
131.0,286.0,38.11000061035156,50.880001068115234
131.0,286.0,38.11000061035156,50.880001068115234
131.0,287.0,38.11000061035156,50.880001068115234
131.0,284.0,38.11000061035156,50.880001068115234
131.0,285.0,38.11000061035156,50.880001068115234
131.0,286.0,38.11000061035156,50.880001068115234
131.0,284.0,38.11000061035156,50.880001068115234
131.0,285.0,38.11000061035156,50.880001068115234
131.0,285.0,38.11000061035156,50.880001068115234
131.0,286.0,38.11000061035156,50.880001068115234
131.0,285.0,38.11000061035156,50.880001068115234
131.0,286.0,38.11000061035156,50.880001068115234
131.0,287.0,38.11000061035156,50.880001068115234
131.0,285.0,38.11000061035156,50.880001068115234
131.0,285.0,38.11000061035156,50.880001068115234
131.0,285.0,38.11000061035156,50.880001068115234
131.0,282.0,38.11000061035156,50.880001068115234
131.0,283.0,38.11000061035156,50.880001068115234
132.0,284.0,38.11000061035156,50.880001068115234
131.0,287.0,38.11000061035156,50.880001068115234
131.0,285.0,38.11000061035156,50.880001068115234
131.0,286.0,38.11000061035156,50.880001068115234
131.0,285.0,38.11000061035156,50.880001068115234
131.0,285.0,38.11000061035156,50.880001068115234
131.0,283.0,38.11000061035156,50.880001068115234
131.0,285.0,38.11000061035156,50.880001068115234
131.0,285.0,38.11000061035156,50.880001068115234
131.0,285.0,38.11000061035156,50.880001068115234
131.0,285.0,38.11000061035156,50.880001068115234
131.0,286.0,38.11000061035156,50.880001068115234
131.0,286.0,38.11000061035156,50.880001068115234
131.0,284.0,38.11000061035156,50.880001068115234
131.0,285.0,38.11000061035156,50.880001068115234
131.0,281.0,38.11000061035156,50.880001068115234
131.0,282.0,38.11000061035156,50.880001068115234
132.0,285.0,38.11000061035156,50.880001068115234
131.0,284.0,38.11000061035156,50.880001068115234
131.0,285.0,38.11000061035156,50.880001068115234
131.0,286.0,38.11000061035156,50.880001068115234
131.0,286.0,38.11000061035156,50.880001068115234
131.0,286.0,38.11000061035156,50.880001068115234
