1
239.0,165.0,122.0,117.0
238.0,168.0,122.0,117.0
237.0,171.0,122.0,117.0
236.0,174.0,122.0,117.0
236.0,174.0,122.0,117.0
236.0,174.0,122.0,117.0
236.0,174.0,122.0,117.0
236.0,174.0,122.0,117.0
236.0,174.0,122.0,117.0
236.0,174.0,122.0,117.0
236.0,174.0,122.0,117.0
221.0,202.0,122.0,117.0
221.0,202.0,122.0,117.0
221.0,202.0,122.0,117.0
221.0,202.0,122.0,117.0
221.0,202.0,122.0,117.0
221.0,202.0,122.0,117.0
221.0,202.0,122.0,117.0
221.0,202.0,122.0,117.0
206.0,228.0,122.0,117.0
206.0,228.0,122.0,117.0
206.0,228.0,122.0,117.0
206.0,228.0,122.0,117.0
206.0,228.0,122.0,117.0
206.0,228.0,122.0,117.0
206.0,228.0,122.0,117.0
206.0,228.0,122.0,117.0
225.0,234.0,122.0,117.0
225.0,234.0,122.0,117.0
225.0,234.0,122.0,117.0
225.0,234.0,122.0,117.0
225.0,234.0,122.0,117.0
225.0,234.0,122.0,117.0
225.0,234.0,122.0,117.0
2
0
0
0
0
1
265.0,215.0,117.0,96.0
271.0,234.0,117.0,96.0
274.0,238.0,117.0,96.0
269.0,236.0,117.0,96.0
269.0,236.0,117.0,96.0
269.0,236.0,117.0,96.0
269.0,236.0,117.0,96.0
269.0,236.0,117.0,96.0
269.0,236.0,117.0,96.0
269.0,236.0,117.0,96.0
269.0,236.0,117.0,96.0
264.0,234.0,117.0,96.0
264.0,234.0,117.0,96.0
264.0,234.0,117.0,96.0
264.0,234.0,117.0,96.0
264.0,234.0,117.0,96.0
264.0,234.0,117.0,96.0
264.0,234.0,117.0,96.0
264.0,234.0,117.0,96.0
203.0,209.0,117.0,96.0
203.0,209.0,117.0,96.0
203.0,209.0,117.0,96.0
203.0,209.0,117.0,96.0
2
0
0
0
0
1
239.0,166.0,118.0,105.0
247.0,181.0,118.0,105.0
252.0,195.0,118.0,105.0
266.0,208.0,118.0,105.0
266.0,208.0,118.0,105.0
266.0,208.0,118.0,105.0
266.0,208.0,118.0,105.0
266.0,208.0,118.0,105.0
266.0,208.0,118.0,105.0
266.0,208.0,118.0,105.0
266.0,208.0,118.0,105.0
280.0,221.0,118.0,105.0
280.0,221.0,118.0,105.0
280.0,221.0,118.0,105.0
280.0,221.0,118.0,105.0
280.0,221.0,118.0,105.0
280.0,221.0,118.0,105.0
280.0,221.0,118.0,105.0
280.0,221.0,118.0,105.0
325.0,151.0,118.0,105.0
325.0,151.0,118.0,105.0
325.0,151.0,118.0,105.0
325.0,151.0,118.0,105.0
325.0,151.0,118.0,105.0
325.0,151.0,118.0,105.0
325.0,151.0,118.0,105.0
325.0,151.0,118.0,105.0
2
0
0
0
0
1
274.0,189.0,117.0,94.0
294.0,215.0,117.0,94.0
305.0,225.0,117.0,94.0
290.0,207.0,117.0,94.0
290.0,207.0,117.0,94.0
290.0,207.0,117.0,94.0
290.0,207.0,117.0,94.0
2
0
0
0
0
1
234.0,189.0,108.0,106.0
230.0,203.0,108.0,106.0
227.0,200.0,108.0,106.0
234.0,192.0,108.0,106.0
234.0,192.0,108.0,106.0
234.0,192.0,108.0,106.0
234.0,192.0,108.0,106.0
234.0,192.0,108.0,106.0
234.0,192.0,108.0,106.0
234.0,192.0,108.0,106.0
234.0,192.0,108.0,106.0
234.0,192.0,108.0,106.0
234.0,192.0,108.0,106.0
234.0,192.0,108.0,106.0
241.0,184.0,108.0,106.0
241.0,184.0,108.0,106.0
241.0,184.0,108.0,106.0
241.0,184.0,108.0,106.0
241.0,184.0,108.0,106.0
241.0,184.0,108.0,106.0
241.0,184.0,108.0,106.0
241.0,184.0,108.0,106.0
241.0,184.0,108.0,106.0
241.0,184.0,108.0,106.0
241.0,184.0,108.0,106.0
281.0,235.0,108.0,106.0
281.0,235.0,108.0,106.0
281.0,235.0,108.0,106.0
281.0,235.0,108.0,106.0
281.0,235.0,108.0,106.0
281.0,235.0,108.0,106.0
2
0
0
0
0
1
226.0,186.0,115.0,105.0
226.0,188.0,115.0,105.0
226.0,190.0,115.0,105.0
226.0,192.0,115.0,105.0
226.0,192.0,115.0,105.0
226.0,192.0,115.0,105.0
226.0,192.0,115.0,105.0
226.0,192.0,115.0,105.0
226.0,192.0,115.0,105.0
226.0,192.0,115.0,105.0
226.0,192.0,115.0,105.0
226.0,194.0,115.0,105.0
226.0,194.0,115.0,105.0
226.0,194.0,115.0,105.0
226.0,194.0,115.0,105.0
226.0,194.0,115.0,105.0
226.0,194.0,115.0,105.0
226.0,194.0,115.0,105.0
226.0,194.0,115.0,105.0
226.0,196.0,115.0,105.0
226.0,196.0,115.0,105.0
226.0,196.0,115.0,105.0
226.0,196.0,115.0,105.0
226.0,196.0,115.0,105.0
226.0,196.0,115.0,105.0
226.0,196.0,115.0,105.0
226.0,196.0,115.0,105.0
226.0,198.0,115.0,105.0
226.0,198.0,115.0,105.0
226.0,198.0,115.0,105.0
226.0,198.0,115.0,105.0
226.0,198.0,115.0,105.0
226.0,198.0,115.0,105.0
226.0,198.0,115.0,105.0
226.0,198.0,115.0,105.0
226.0,200.0,115.0,105.0
226.0,200.0,115.0,105.0
226.0,200.0,115.0,105.0
226.0,200.0,115.0,105.0
226.0,200.0,115.0,105.0
226.0,200.0,115.0,105.0
226.0,200.0,115.0,105.0
226.0,200.0,115.0,105.0
252.0,195.0,115.0,105.0
252.0,195.0,115.0,105.0
252.0,195.0,115.0,105.0
252.0,195.0,115.0,105.0
252.0,195.0,115.0,105.0
252.0,195.0,115.0,105.0
252.0,195.0,115.0,105.0
252.0,195.0,115.0,105.0
278.0,185.0,115.0,105.0
278.0,185.0,115.0,105.0
278.0,185.0,115.0,105.0
278.0,185.0,115.0,105.0
278.0,185.0,115.0,105.0
278.0,185.0,115.0,105.0
278.0,185.0,115.0,105.0
278.0,185.0,115.0,105.0
211.0,223.0,115.0,105.0
211.0,223.0,115.0,105.0
211.0,223.0,115.0,105.0
211.0,223.0,115.0,105.0
211.0,223.0,115.0,105.0
211.0,223.0,115.0,105.0
211.0,223.0,115.0,105.0
211.0,223.0,115.0,105.0
219.0,167.0,115.0,105.0
219.0,167.0,115.0,105.0
219.0,167.0,115.0,105.0
219.0,167.0,115.0,105.0
219.0,167.0,115.0,105.0
219.0,167.0,115.0,105.0
219.0,167.0,115.0,105.0
219.0,167.0,115.0,105.0
185.0,204.0,115.0,105.0
185.0,204.0,115.0,105.0
185.0,204.0,115.0,105.0
185.0,204.0,115.0,105.0
185.0,204.0,115.0,105.0
185.0,204.0,115.0,105.0
185.0,204.0,115.0,105.0
185.0,204.0,115.0,105.0
295.0,219.0,115.0,105.0
295.0,219.0,115.0,105.0
295.0,219.0,115.0,105.0
295.0,219.0,115.0,105.0
295.0,219.0,115.0,105.0
295.0,219.0,115.0,105.0
295.0,219.0,115.0,105.0
295.0,219.0,115.0,105.0
208.0,211.0,115.0,105.0
208.0,211.0,115.0,105.0
208.0,211.0,115.0,105.0
208.0,211.0,115.0,105.0
208.0,211.0,115.0,105.0
208.0,211.0,115.0,105.0
208.0,211.0,115.0,105.0
208.0,211.0,115.0,105.0
282.0,214.0,115.0,105.0
282.0,214.0,115.0,105.0
282.0,214.0,115.0,105.0
282.0,214.0,115.0,105.0
282.0,214.0,115.0,105.0
282.0,214.0,115.0,105.0
282.0,214.0,115.0,105.0
282.0,214.0,115.0,105.0
204.0,167.0,115.0,105.0
204.0,167.0,115.0,105.0
204.0,167.0,115.0,105.0
204.0,167.0,115.0,105.0
204.0,167.0,115.0,105.0
204.0,167.0,115.0,105.0
204.0,167.0,115.0,105.0
204.0,167.0,115.0,105.0
234.0,183.0,115.0,105.0
234.0,183.0,115.0,105.0
234.0,183.0,115.0,105.0
234.0,183.0,115.0,105.0
234.0,183.0,115.0,105.0
234.0,183.0,115.0,105.0
234.0,183.0,115.0,105.0
234.0,183.0,115.0,105.0
237.0,179.0,115.0,105.0
237.0,179.0,115.0,105.0
237.0,179.0,115.0,105.0
237.0,179.0,115.0,105.0
237.0,179.0,115.0,105.0
237.0,179.0,115.0,105.0
237.0,179.0,115.0,105.0
237.0,179.0,115.0,105.0
218.0,227.0,115.0,105.0
218.0,227.0,115.0,105.0
218.0,227.0,115.0,105.0
218.0,227.0,115.0,105.0
218.0,227.0,115.0,105.0
218.0,227.0,115.0,105.0
218.0,227.0,115.0,105.0
218.0,227.0,115.0,105.0
272.0,187.0,115.0,105.0
272.0,187.0,115.0,105.0
272.0,187.0,115.0,105.0
272.0,187.0,115.0,105.0
272.0,187.0,115.0,105.0
272.0,187.0,115.0,105.0
272.0,187.0,115.0,105.0
272.0,187.0,115.0,105.0
236.0,220.0,115.0,105.0
236.0,220.0,115.0,105.0
236.0,220.0,115.0,105.0
236.0,220.0,115.0,105.0
236.0,220.0,115.0,105.0
236.0,220.0,115.0,105.0
236.0,220.0,115.0,105.0
236.0,220.0,115.0,105.0
263.0,222.0,115.0,105.0
263.0,222.0,115.0,105.0
263.0,222.0,115.0,105.0
263.0,222.0,115.0,105.0
263.0,222.0,115.0,105.0
263.0,222.0,115.0,105.0
263.0,222.0,115.0,105.0
263.0,222.0,115.0,105.0
258.0,199.0,115.0,105.0
258.0,199.0,115.0,105.0
258.0,199.0,115.0,105.0
258.0,199.0,115.0,105.0
258.0,199.0,115.0,105.0
258.0,199.0,115.0,105.0
258.0,199.0,115.0,105.0
258.0,199.0,115.0,105.0
243.0,230.0,115.0,105.0
243.0,230.0,115.0,105.0
243.0,230.0,115.0,105.0
243.0,230.0,115.0,105.0
243.0,230.0,115.0,105.0
243.0,230.0,115.0,105.0
243.0,230.0,115.0,105.0
243.0,230.0,115.0,105.0
243.0,177.0,115.0,105.0
243.0,177.0,115.0,105.0
243.0,177.0,115.0,105.0
243.0,177.0,115.0,105.0
243.0,177.0,115.0,105.0
243.0,177.0,115.0,105.0
243.0,177.0,115.0,105.0
243.0,177.0,115.0,105.0
241.0,188.0,115.0,105.0
241.0,188.0,115.0,105.0
241.0,188.0,115.0,105.0
241.0,188.0,115.0,105.0
241.0,188.0,115.0,105.0
241.0,188.0,115.0,105.0
241.0,188.0,115.0,105.0
241.0,188.0,115.0,105.0
268.0,249.0,115.0,105.0
268.0,249.0,115.0,105.0
268.0,249.0,115.0,105.0
268.0,249.0,115.0,105.0
268.0,249.0,115.0,105.0
268.0,249.0,115.0,105.0
268.0,249.0,115.0,105.0
268.0,249.0,115.0,105.0
249.0,234.0,115.0,105.0
249.0,234.0,115.0,105.0
249.0,234.0,115.0,105.0
249.0,234.0,115.0,105.0
249.0,234.0,115.0,105.0
249.0,234.0,115.0,105.0
249.0,234.0,115.0,105.0
249.0,234.0,115.0,105.0
287.0,197.0,115.0,105.0
287.0,197.0,115.0,105.0
287.0,197.0,115.0,105.0
287.0,197.0,115.0,105.0
287.0,197.0,115.0,105.0
287.0,197.0,115.0,105.0
287.0,197.0,115.0,105.0
287.0,197.0,115.0,105.0
218.0,190.0,115.0,105.0
218.0,190.0,115.0,105.0
218.0,190.0,115.0,105.0
218.0,190.0,115.0,105.0
218.0,190.0,115.0,105.0
218.0,190.0,115.0,105.0
218.0,190.0,115.0,105.0
218.0,190.0,115.0,105.0
269.0,222.0,115.0,105.0
269.0,222.0,115.0,105.0
269.0,222.0,115.0,105.0
269.0,222.0,115.0,105.0
269.0,222.0,115.0,105.0
269.0,222.0,115.0,105.0
269.0,222.0,115.0,105.0
269.0,222.0,115.0,105.0
341.0,228.0,115.0,105.0
341.0,228.0,115.0,105.0
341.0,228.0,115.0,105.0
341.0,228.0,115.0,105.0
341.0,228.0,115.0,105.0
341.0,228.0,115.0,105.0
341.0,228.0,115.0,105.0
341.0,228.0,115.0,105.0
310.0,230.0,115.0,105.0
310.0,230.0,115.0,105.0
310.0,230.0,115.0,105.0
310.0,230.0,115.0,105.0
310.0,230.0,115.0,105.0
310.0,230.0,115.0,105.0
310.0,230.0,115.0,105.0
310.0,230.0,115.0,105.0
276.0,180.0,115.0,105.0
276.0,180.0,115.0,105.0
276.0,180.0,115.0,105.0
276.0,180.0,115.0,105.0
276.0,180.0,115.0,105.0
276.0,180.0,115.0,105.0
276.0,180.0,115.0,105.0
276.0,180.0,115.0,105.0
246.0,196.0,115.0,105.0
246.0,196.0,115.0,105.0
246.0,196.0,115.0,105.0
246.0,196.0,115.0,105.0
246.0,196.0,115.0,105.0
246.0,196.0,115.0,105.0
246.0,196.0,115.0,105.0
246.0,196.0,115.0,105.0
174.0,218.0,115.0,105.0
174.0,218.0,115.0,105.0
174.0,218.0,115.0,105.0
174.0,218.0,115.0,105.0
174.0,218.0,115.0,105.0
2
0
0
0
0
1
184.0,219.0,100.0,88.0
176.0,228.0,100.0,88.0
202.0,233.0,100.0,88.0
228.0,220.0,100.0,88.0
228.0,220.0,100.0,88.0
228.0,220.0,100.0,88.0
228.0,220.0,100.0,88.0
228.0,220.0,100.0,88.0
2
0
0
0
0
1
271.0,143.0,99.0,85.0
286.0,132.0,99.0,85.0
292.0,122.0,99.0,85.0
293.0,129.0,99.0,85.0
293.0,129.0,99.0,85.0
293.0,129.0,99.0,85.0
2
0
0
0
0
1
286.0,152.0,98.0,81.0
286.0,109.0,98.0,81.0
303.0,85.0,98.0,81.0
320.0,105.0,98.0,81.0
320.0,105.0,98.0,81.0
320.0,105.0,98.0,81.0
2
0
0
0
0
1
280.0,237.0,94.0,84.0
287.0,226.0,94.0,84.0
293.0,214.0,94.0,84.0
306.0,199.0,94.0,84.0
306.0,199.0,94.0,84.0
306.0,199.0,94.0,84.0
306.0,199.0,94.0,84.0
306.0,199.0,94.0,84.0
306.0,199.0,94.0,84.0
306.0,199.0,94.0,84.0
306.0,199.0,94.0,84.0
306.0,199.0,94.0,84.0
306.0,199.0,94.0,84.0
306.0,199.0,94.0,84.0
319.0,184.0,94.0,84.0
319.0,184.0,94.0,84.0
319.0,184.0,94.0,84.0
319.0,184.0,94.0,84.0
319.0,184.0,94.0,84.0
319.0,184.0,94.0,84.0
319.0,184.0,94.0,84.0
319.0,184.0,94.0,84.0
319.0,184.0,94.0,84.0
319.0,184.0,94.0,84.0
2
0
0
0
0
1
235.0,190.0,99.0,88.0
264.0,187.0,99.0,88.0
293.0,188.0,99.0,88.0
309.0,190.0,99.0,88.0
309.0,190.0,99.0,88.0
309.0,190.0,99.0,88.0
309.0,190.0,99.0,88.0
309.0,190.0,99.0,88.0
309.0,190.0,99.0,88.0
309.0,190.0,99.0,88.0
2
0
0
0
0
1
280.0,228.0,96.0,85.0
341.0,222.0,96.0,85.0
369.0,212.0,96.0,85.0
350.0,206.0,96.0,85.0
350.0,206.0,96.0,85.0
2
0
0
0
0
1
218.0,167.0,95.0,86.0
218.0,176.0,95.0,86.0
237.0,227.0,95.0,86.0
233.0,248.0,95.0,86.0
233.0,248.0,95.0,86.0
233.0,248.0,95.0,86.0
233.0,248.0,95.0,86.0
233.0,248.0,95.0,86.0
233.0,248.0,95.0,86.0
233.0,248.0,95.0,86.0
233.0,248.0,95.0,86.0
233.0,248.0,95.0,86.0
233.0,248.0,95.0,86.0
280.0,205.0,95.0,88.0
280.0,205.0,95.0,88.0
280.0,205.0,95.0,88.0
280.0,205.0,95.0,88.0
280.0,205.0,95.0,88.0
280.0,205.0,95.0,88.0
280.0,205.0,95.0,88.0
280.0,205.0,95.0,88.0
280.0,205.0,95.0,88.0
280.0,205.0,95.0,88.0
280.0,205.0,95.0,88.0
256.0,225.0,95.0,86.0
256.0,225.0,95.0,86.0
256.0,225.0,95.0,86.0
256.0,225.0,95.0,86.0
256.0,225.0,95.0,86.0
256.0,225.0,95.0,86.0
256.0,225.0,95.0,86.0
256.0,225.0,95.0,86.0
256.0,225.0,95.0,86.0
256.0,225.0,95.0,86.0
287.0,256.0,95.0,86.0
287.0,256.0,95.0,86.0
287.0,256.0,95.0,86.0
287.0,256.0,95.0,86.0
287.0,256.0,95.0,86.0
287.0,256.0,95.0,86.0
287.0,256.0,95.0,86.0
287.0,256.0,95.0,86.0
287.0,256.0,95.0,86.0
287.0,256.0,95.0,86.0
287.0,256.0,95.0,86.0
262.0,219.0,95.0,86.0
262.0,219.0,95.0,86.0
262.0,219.0,95.0,86.0
262.0,219.0,95.0,86.0
262.0,219.0,95.0,86.0
262.0,219.0,95.0,86.0
262.0,219.0,95.0,86.0
262.0,219.0,95.0,86.0
262.0,219.0,95.0,86.0
262.0,219.0,95.0,86.0
279.0,223.0,95.0,86.0
279.0,223.0,95.0,86.0
279.0,223.0,95.0,86.0
279.0,223.0,95.0,86.0
279.0,223.0,95.0,86.0
279.0,223.0,95.0,86.0
279.0,223.0,95.0,86.0
279.0,223.0,95.0,86.0
279.0,223.0,95.0,86.0
279.0,223.0,95.0,86.0
279.0,223.0,95.0,86.0
266.0,239.0,95.0,86.0
266.0,239.0,95.0,86.0
266.0,239.0,95.0,86.0
266.0,239.0,95.0,86.0
266.0,239.0,95.0,86.0
266.0,239.0,95.0,86.0
266.0,239.0,95.0,86.0
266.0,239.0,95.0,86.0
266.0,239.0,95.0,86.0
266.0,239.0,95.0,86.0
266.0,239.0,95.0,86.0
250.0,241.0,95.0,86.0
250.0,241.0,95.0,86.0
250.0,241.0,95.0,86.0
250.0,241.0,95.0,86.0
250.0,241.0,95.0,86.0
250.0,241.0,95.0,86.0
250.0,241.0,95.0,86.0
250.0,241.0,95.0,86.0
250.0,241.0,95.0,86.0
250.0,241.0,95.0,86.0
248.0,257.0,95.0,86.0
248.0,257.0,95.0,86.0
248.0,257.0,95.0,86.0
248.0,257.0,95.0,86.0
248.0,257.0,95.0,86.0
248.0,257.0,95.0,86.0
248.0,257.0,95.0,86.0
248.0,257.0,95.0,86.0
248.0,257.0,95.0,86.0
248.0,257.0,95.0,86.0
253.0,218.0,95.0,86.0
253.0,218.0,95.0,86.0
253.0,218.0,95.0,86.0
253.0,218.0,95.0,86.0
253.0,218.0,95.0,86.0
253.0,218.0,95.0,86.0
253.0,218.0,95.0,86.0
253.0,218.0,95.0,86.0
253.0,218.0,95.0,86.0
253.0,218.0,95.0,86.0
254.0,228.0,95.0,86.0
254.0,228.0,95.0,86.0
254.0,228.0,95.0,86.0
254.0,228.0,95.0,86.0
254.0,228.0,95.0,86.0
254.0,228.0,95.0,86.0
254.0,228.0,95.0,86.0
254.0,228.0,95.0,86.0
254.0,228.0,95.0,86.0
254.0,228.0,95.0,86.0
254.0,228.0,95.0,86.0
284.0,249.0,95.0,86.0
284.0,249.0,95.0,86.0
284.0,249.0,95.0,86.0
284.0,249.0,95.0,86.0
284.0,249.0,95.0,86.0
284.0,249.0,95.0,86.0
284.0,249.0,95.0,86.0
284.0,249.0,95.0,86.0
284.0,249.0,95.0,86.0
284.0,249.0,95.0,86.0
242.0,244.0,95.0,86.0
242.0,244.0,95.0,86.0
242.0,244.0,95.0,86.0
242.0,244.0,95.0,86.0
242.0,244.0,95.0,86.0
242.0,244.0,95.0,86.0
242.0,244.0,95.0,86.0
242.0,244.0,95.0,86.0
242.0,244.0,95.0,86.0
242.0,244.0,95.0,86.0
242.0,244.0,95.0,86.0
227.0,262.0,95.0,86.0
227.0,262.0,95.0,86.0
227.0,262.0,95.0,86.0
227.0,262.0,95.0,86.0
227.0,262.0,95.0,86.0
227.0,262.0,95.0,86.0
227.0,262.0,95.0,86.0
227.0,262.0,95.0,86.0
227.0,262.0,95.0,86.0
227.0,262.0,95.0,86.0
227.0,262.0,95.0,86.0
246.0,218.0,95.0,86.0
246.0,218.0,95.0,86.0
246.0,218.0,95.0,86.0
246.0,218.0,95.0,86.0
246.0,218.0,95.0,86.0
246.0,218.0,95.0,86.0
246.0,218.0,95.0,86.0
246.0,218.0,95.0,86.0
246.0,218.0,95.0,86.0
246.0,218.0,95.0,86.0
246.0,218.0,95.0,86.0
248.0,182.0,95.0,86.0
248.0,182.0,95.0,86.0
248.0,182.0,95.0,86.0
248.0,182.0,95.0,86.0
248.0,182.0,95.0,86.0
248.0,182.0,95.0,86.0
248.0,182.0,95.0,86.0
248.0,182.0,95.0,86.0
248.0,182.0,95.0,86.0
248.0,182.0,95.0,86.0
248.0,182.0,95.0,86.0
311.0,204.0,95.0,86.0
311.0,204.0,95.0,86.0
311.0,204.0,95.0,86.0
311.0,204.0,95.0,86.0
311.0,204.0,95.0,86.0
311.0,204.0,95.0,86.0
311.0,204.0,95.0,86.0
311.0,204.0,95.0,86.0
311.0,204.0,95.0,86.0
311.0,204.0,95.0,86.0
311.0,204.0,95.0,86.0
289.0,204.0,95.0,86.0
289.0,204.0,95.0,86.0
289.0,204.0,95.0,86.0
289.0,204.0,95.0,86.0
289.0,204.0,95.0,86.0
289.0,204.0,95.0,86.0
289.0,204.0,95.0,86.0
289.0,204.0,95.0,86.0
289.0,204.0,95.0,86.0
289.0,204.0,95.0,86.0
289.0,204.0,95.0,86.0
294.0,209.0,95.0,86.0
294.0,209.0,95.0,86.0
294.0,209.0,95.0,86.0
294.0,209.0,95.0,86.0
294.0,209.0,95.0,86.0
294.0,209.0,95.0,86.0
294.0,209.0,95.0,86.0
294.0,209.0,95.0,86.0
294.0,209.0,95.0,86.0
294.0,209.0,95.0,86.0
294.0,209.0,95.0,86.0
229.0,217.0,95.0,86.0
229.0,217.0,95.0,86.0
229.0,217.0,95.0,86.0
229.0,217.0,95.0,86.0
229.0,217.0,95.0,86.0
229.0,217.0,95.0,86.0
229.0,217.0,95.0,86.0
229.0,217.0,95.0,86.0
229.0,217.0,95.0,86.0
229.0,217.0,95.0,86.0
229.0,217.0,95.0,86.0
