1
339.0,112.0,81.70999908447266,15.649999618530273
337.0,113.0,81.70999908447266,15.649999618530273
330.0,114.0,81.70999908447266,15.649999618530273
324.0,115.0,81.70999908447266,15.649999618530273
324.0,115.0,81.70999908447266,15.649999618530273
324.0,115.0,81.70999908447266,15.649999618530273
2
0
0
0
0
1
278.0,52.0,34.66999816894531,88.03099822998047
276.0,47.0,34.66999816894531,88.03099822998047
276.0,57.0,34.66999816894531,88.03099822998047
274.0,62.0,34.66999816894531,88.03099822998047
274.0,62.0,34.66999816894531,88.03099822998047
274.0,62.0,34.66999816894531,88.03099822998047
274.0,62.0,34.66999816894531,88.03099822998047
281.0,43.0,34.66999816894531,88.03099822998047
281.0,43.0,34.66999816894531,88.03099822998047
281.0,43.0,34.66999816894531,88.03099822998047
281.0,43.0,34.66999816894531,88.03099822998047
2
0
0
0
0
1
270.0,28.0,62.130001068115234,66.60199737548828
271.0,39.0,62.130001068115234,66.60199737548828
275.0,50.0,62.130001068115234,66.60199737548828
281.0,59.0,62.130001068115234,66.60199737548828
281.0,59.0,62.130001068115234,66.60199737548828
281.0,59.0,62.130001068115234,66.60199737548828
281.0,59.0,62.130001068115234,66.60199737548828
276.0,63.0,62.130001068115234,66.60199737548828
276.0,63.0,62.130001068115234,66.60199737548828
276.0,63.0,62.130001068115234,66.60199737548828
276.0,63.0,62.130001068115234,66.60199737548828
291.0,56.0,62.130001068115234,66.60199737548828
291.0,56.0,62.130001068115234,66.60199737548828
291.0,56.0,62.130001068115234,66.60199737548828
291.0,56.0,62.130001068115234,66.60199737548828
2
0
0
0
0
1
229.0,78.0,58.619998931884766,84.46900177001953
229.0,78.0,58.619998931884766,84.46900177001953
233.0,75.0,58.619998931884766,84.46900177001953
240.0,73.0,58.619998931884766,84.46900177001953
240.0,73.0,58.619998931884766,84.46900177001953
240.0,73.0,58.619998931884766,84.46900177001953
240.0,73.0,58.619998931884766,84.46900177001953
2
0
0
0
0
1
221.0,143.0,23.700000762939453,88.45999908447266
220.0,149.0,23.700000762939453,88.45999908447266
221.0,151.0,23.700000762939453,88.45999908447266
223.0,149.0,23.700000762939453,88.45999908447266
223.0,149.0,23.700000762939453,88.45999908447266
223.0,149.0,23.700000762939453,88.45999908447266
223.0,149.0,23.700000762939453,88.45999908447266
2
0
0
0
0
1
228.0,217.0,30.93000030517578,88.36000061035156
228.0,217.0,30.93000030517578,88.36000061035156
226.0,212.0,30.93000030517578,88.36000061035156
223.0,205.0,30.93000030517578,88.36000061035156
223.0,205.0,30.93000030517578,88.36000061035156
223.0,205.0,30.93000030517578,88.36000061035156
223.0,205.0,30.93000030517578,88.36000061035156
241.0,229.0,30.93000030517578,88.36000061035156
241.0,229.0,30.93000030517578,88.36000061035156
241.0,229.0,30.93000030517578,88.36000061035156
241.0,229.0,30.93000030517578,88.36000061035156
2
0
0
0
0
1
266.0,294.0,24.40999984741211,87.26000213623047
268.0,287.0,24.40999984741211,87.26000213623047
270.0,281.0,24.40999984741211,87.26000213623047
271.0,279.0,24.40999984741211,87.26000213623047
271.0,279.0,24.40999984741211,87.26000213623047
271.0,279.0,24.40999984741211,87.26000213623047
271.0,279.0,24.40999984741211,87.26000213623047
267.0,306.0,24.40999984741211,87.26000213623047
267.0,306.0,24.40999984741211,87.26000213623047
267.0,306.0,24.40999984741211,87.26000213623047
267.0,306.0,24.40999984741211,87.26000213623047
255.0,324.0,24.40999984741211,87.26000213623047
255.0,324.0,24.40999984741211,87.26000213623047
255.0,324.0,24.40999984741211,87.26000213623047
255.0,324.0,24.40999984741211,87.26000213623047
2
0
0
0
0
1
239.0,412.0,28.8700008392334,85.0199966430664
241.0,402.0,28.8700008392334,85.0199966430664
240.0,394.0,28.8700008392334,85.0199966430664
239.0,386.0,28.8700008392334,85.0199966430664
239.0,386.0,28.8700008392334,85.0199966430664
239.0,386.0,28.8700008392334,85.0199966430664
239.0,386.0,28.8700008392334,85.0199966430664
241.0,413.0,28.8700008392334,85.0199966430664
241.0,413.0,28.8700008392334,85.0199966430664
241.0,413.0,28.8700008392334,85.0199966430664
241.0,413.0,28.8700008392334,85.0199966430664
263.0,457.0,28.8700008392334,85.0199966430664
263.0,457.0,28.8700008392334,85.0199966430664
263.0,457.0,28.8700008392334,85.0199966430664
263.0,457.0,28.8700008392334,85.0199966430664
2
0
0
0
0
1
252.0,533.0,33.83000183105469,87.29000091552734
251.0,536.0,33.83000183105469,87.29000091552734
253.0,522.0,33.83000183105469,87.29000091552734
250.0,508.0,33.83000183105469,87.29000091552734
250.0,508.0,33.83000183105469,87.29000091552734
250.0,508.0,33.83000183105469,87.29000091552734
2
0
0
0
0
1
339.0,530.0,77.51000213623047,57.68000030517578
352.0,521.0,77.51000213623047,57.68000030517578
365.0,512.0,77.51000213623047,57.68000030517578
376.0,504.0,77.51000213623047,57.68000030517578
376.0,504.0,77.51000213623047,57.68000030517578
376.0,504.0,77.51000213623047,57.68000030517578
376.0,504.0,77.51000213623047,57.68000030517578
2
0
0
0
0
1
491.0,503.0,15.869999885559082,73.19999694824219
491.0,508.0,15.869999885559082,73.19999694824219
493.0,506.0,15.869999885559082,73.19999694824219
496.0,503.0,15.869999885559082,73.19999694824219
496.0,503.0,15.869999885559082,73.19999694824219
496.0,503.0,15.869999885559082,73.19999694824219
496.0,503.0,15.869999885559082,73.19999694824219
492.0,509.0,15.869999885559082,73.19999694824219
492.0,509.0,15.869999885559082,73.19999694824219
492.0,509.0,15.869999885559082,73.19999694824219
2
0
0
0
0
1
2
0
0
0
0
1
2
0
0
0
0
1
604.0,512.0,75.54000091552734,66.37999725341797
619.0,522.0,75.54000091552734,66.37999725341797
633.0,533.0,75.54000091552734,66.37999725341797
646.0,543.0,75.54000091552734,66.37999725341797
646.0,543.0,75.54000091552734,66.37999725341797
646.0,543.0,75.54000091552734,66.37999725341797
646.0,543.0,75.54000091552734,66.37999725341797
691.0,578.0,75.54000091552734,66.37999725341797
691.0,578.0,75.54000091552734,66.37999725341797
691.0,578.0,75.54000091552734,66.37999725341797
691.0,578.0,75.54000091552734,66.37999725341797
722.0,604.0,75.54000091552734,66.37999725341797
722.0,604.0,75.54000091552734,66.37999725341797
722.0,604.0,75.54000091552734,66.37999725341797
722.0,604.0,75.54000091552734,66.37999725341797
2
0
0
0
0
1
779.0,609.0,82.33999633789062,57.43000030517578
782.0,607.0,82.33999633789062,57.43000030517578
777.0,610.0,82.33999633789062,57.43000030517578
2
0
0
0
0
1
843.0,622.0,83.0199966430664,17.370100021362305
840.0,624.0,83.0199966430664,17.370100021362305
838.0,626.0,83.0199966430664,17.370100021362305
2
0
0
0
0
1
930.0,601.0,86.23999786376953,38.90999984741211
937.0,599.0,86.23999786376953,38.90999984741211
942.0,598.0,86.23999786376953,38.90999984741211
946.0,597.0,86.23999786376953,38.90999984741211
946.0,597.0,86.23999786376953,38.90999984741211
946.0,597.0,86.23999786376953,38.90999984741211
2
0
0
0
0
1
1019.0,603.0,82.5999984741211,35.470001220703125
1017.0,603.0,82.5999984741211,35.470001220703125
1017.0,604.0,82.5999984741211,35.470001220703125
1020.0,607.0,82.5999984741211,35.470001220703125
1020.0,607.0,82.5999984741211,35.470001220703125
1020.0,607.0,82.5999984741211,35.470001220703125
2
0
0
0
0
1
1117.0,592.0,83.5999984741211,37.369998931884766
1127.0,590.0,83.5999984741211,37.369998931884766
2
0
0
0
0
1
1200.0,657.0,37.599998474121094,85.98999786376953
1203.0,667.0,37.599998474121094,85.98999786376953
1206.0,677.0,37.599998474121094,85.98999786376953
2
0
0
0
0
1
1378.0,692.0,33.899898529052734,72.58000183105469
1399.0,658.0,33.899898529052734,72.58000183105469
1418.0,630.0,33.899898529052734,72.58000183105469
1435.0,608.0,33.899898529052734,72.58000183105469
1435.0,608.0,33.899898529052734,72.58000183105469
2
0
0
0
0
1
1502.0,427.0,69.29989624023438,68.7699966430664
1489.0,410.0,69.29989624023438,68.7699966430664
1483.0,403.0,69.29989624023438,68.7699966430664
1481.0,402.0,69.29989624023438,68.7699966430664
1481.0,402.0,69.29989624023438,68.7699966430664
1481.0,402.0,69.29989624023438,68.7699966430664
1481.0,402.0,69.29989624023438,68.7699966430664
1451.0,356.0,69.29989624023438,68.7699966430664
1451.0,356.0,69.29989624023438,68.7699966430664
1451.0,356.0,69.29989624023438,68.7699966430664
2
0
0
0
0
1
1168.0,354.0,82.0999984741211,13.170000076293945
1150.0,354.0,82.0999984741211,13.170000076293945
1132.0,354.0,82.0999984741211,13.170000076293945
1115.0,354.0,82.0999984741211,13.170000076293945
1115.0,354.0,82.0999984741211,13.170000076293945
1115.0,354.0,82.0999984741211,13.170000076293945
2
0
0
0
0
1
2
0
0
0
0
1
982.0,369.0,76.2300033569336,47.81999969482422
987.0,372.0,76.2300033569336,47.81999969482422
981.0,363.0,76.2300033569336,47.81999969482422
983.0,351.0,76.2300033569336,47.81999969482422
983.0,351.0,76.2300033569336,47.81999969482422
983.0,351.0,76.2300033569336,47.81999969482422
2
0
0
0
0
1
865.0,355.0,87.77999877929688,17.559999465942383
855.0,352.0,87.77999877929688,17.559999465942383
849.0,350.0,87.77999877929688,17.559999465942383
833.0,347.0,87.77999877929688,17.559999465942383
833.0,347.0,87.77999877929688,17.559999465942383
833.0,347.0,87.77999877929688,17.559999465942383
2
0
0
0
0
1
671.0,313.0,86.62999725341797,30.920000076293945
665.0,313.0,86.62999725341797,30.920000076293945
658.0,312.0,86.62999725341797,30.920000076293945
645.0,308.0,86.62999725341797,30.920000076293945
645.0,308.0,86.62999725341797,30.920000076293945
645.0,308.0,86.62999725341797,30.920000076293945
605.0,293.0,86.62999725341797,30.920000076293945
605.0,293.0,86.62999725341797,30.920000076293945
605.0,293.0,86.62999725341797,30.920000076293945
2
0
0
0
0
1
488.0,282.0,74.66999816894531,23.8799991607666
2
0
0
0
0
1
2
0
0
0
0
1
276.0,209.0,44.09000015258789,85.54000091552734
271.0,199.0,44.09000015258789,85.54000091552734
266.0,188.0,44.09000015258789,85.54000091552734
262.0,179.0,44.09000015258789,85.54000091552734
262.0,179.0,44.09000015258789,85.54000091552734
262.0,179.0,44.09000015258789,85.54000091552734
262.0,179.0,44.09000015258789,85.54000091552734
248.0,145.0,44.09000015258789,85.54000091552734
248.0,145.0,44.09000015258789,85.54000091552734
248.0,145.0,44.09000015258789,85.54000091552734
248.0,145.0,44.09000015258789,85.54000091552734
2
0
0
0
0
1
308.0,110.0,83.88999938964844,33.970001220703125
316.0,107.0,83.88999938964844,33.970001220703125
322.0,105.0,83.88999938964844,33.970001220703125
328.0,103.0,83.88999938964844,33.970001220703125
328.0,103.0,83.88999938964844,33.970001220703125
328.0,103.0,83.88999938964844,33.970001220703125
317.0,97.0,83.88999938964844,33.970001220703125
317.0,97.0,83.88999938964844,33.970001220703125
317.0,97.0,83.88999938964844,33.970001220703125
2
0
0
0
0
1
421.0,114.0,83.86000061035156,44.060001373291016
428.0,117.0,83.86000061035156,44.060001373291016
