1
166.0,66.0,88.0,64.0
133.0,83.0,88.0,64.0
100.0,100.0,88.0,64.0
2
0
0
0
0
1
2
0
0
0
0
1
293.0,125.0,104.0,89.0
304.0,127.0,104.0,89.0
315.0,129.0,104.0,89.0
326.0,131.0,104.0,89.0
337.0,133.0,104.0,89.0
2
0
0
0
0
1
325.0,130.0,74.0,84.0
299.0,133.0,72.0,84.0
294.0,140.0,72.0,84.0
295.0,145.0,72.0,84.0
294.0,149.0,72.0,84.0
280.0,144.0,72.0,84.0
263.0,139.0,72.0,84.0
249.0,133.0,72.0,84.0
230.0,126.0,72.0,84.0
211.0,125.0,72.0,84.0
206.0,127.0,72.0,84.0
208.0,125.0,72.0,84.0
210.0,119.0,72.0,84.0
211.0,114.0,72.0,84.0
207.0,116.0,74.0,84.0
205.0,124.0,74.0,84.0
206.0,131.0,72.0,84.0
220.0,129.0,74.0,84.0
236.0,130.0,74.0,84.0
250.0,133.0,74.0,84.0
269.0,137.0,74.0,84.0
285.0,137.0,72.0,84.0
296.0,137.0,72.0,84.0
297.0,134.0,72.0,84.0
294.0,134.0,72.0,84.0
295.0,131.0,72.0,84.0
297.0,133.0,72.0,84.0
287.0,145.0,72.0,84.0
288.0,150.0,72.0,84.0
295.0,149.0,72.0,84.0
297.0,151.0,72.0,84.0
297.0,150.0,72.0,84.0
295.0,147.0,72.0,84.0
297.0,144.0,72.0,84.0
298.0,143.0,72.0,84.0
298.0,143.0,72.0,84.0
298.0,145.0,72.0,84.0
277.0,146.0,72.0,84.0
278.0,148.0,72.0,84.0
278.0,150.0,72.0,84.0
278.0,150.0,72.0,84.0
278.0,150.0,72.0,84.0
278.0,150.0,72.0,84.0
278.0,150.0,72.0,84.0
2
0
0
0
0
1
334.0,169.0,31.0,50.0
334.0,172.0,31.0,50.0
334.0,175.0,31.0,50.0
2
0
0
0
0
1
239.0,156.0,54.0,61.0
240.0,157.0,54.0,61.0
243.0,159.0,54.0,61.0
254.0,162.0,52.0,61.0
264.0,165.0,52.0,61.0
2
0
0
0
0
1
2
0
0
0
0
1
350.0,248.0,48.0,64.0
2
0
0
0
0
1
169.0,200.0,39.0,59.0
174.0,204.0,39.0,59.0
186.0,207.0,41.0,59.0
207.0,210.0,41.0,59.0
232.0,213.0,39.0,59.0
256.0,216.0,39.0,59.0
280.0,219.0,39.0,59.0
304.0,222.0,39.0,59.0
2
0
0
0
0
1
338.0,193.0,54.0,83.0
341.0,194.0,54.0,83.0
344.0,195.0,54.0,83.0
347.0,196.0,54.0,83.0
350.0,197.0,54.0,83.0
353.0,198.0,54.0,83.0
356.0,199.0,54.0,83.0
307.0,197.0,54.0,83.0
306.0,196.0,52.0,83.0
309.0,194.0,52.0,83.0
302.0,187.0,54.0,83.0
287.0,179.0,56.0,83.0
291.0,185.0,56.0,83.0
290.0,181.0,56.0,83.0
286.0,180.0,56.0,83.0
283.0,180.0,56.0,83.0
284.0,175.0,56.0,83.0
270.0,166.0,56.0,83.0
263.0,160.0,56.0,83.0
259.0,156.0,56.0,83.0
258.0,150.0,56.0,83.0
257.0,144.0,56.0,83.0
256.0,138.0,56.0,83.0
255.0,132.0,56.0,83.0
254.0,126.0,56.0,83.0
253.0,120.0,56.0,83.0
2
0
0
0
0
1
316.0,135.0,35.0,47.0
326.0,133.0,35.0,47.0
369.0,132.0,35.0,47.0
370.0,136.0,35.0,47.0
371.0,140.0,35.0,47.0
372.0,144.0,35.0,47.0
379.0,154.0,35.0,47.0
384.0,167.0,35.0,47.0
379.0,162.0,35.0,47.0
383.0,158.0,35.0,47.0
384.0,154.0,35.0,47.0
381.0,154.0,35.0,47.0
381.0,157.0,35.0,47.0
389.0,158.0,35.0,47.0
397.0,156.0,35.0,47.0
400.0,159.0,35.0,47.0
387.0,134.0,37.0,47.0
399.0,142.0,35.0,47.0
410.0,150.0,35.0,47.0
