1
339.0,112.0,81.70999908447266,15.649999618530273
329.0,114.0,81.70999908447266,15.649999618530273
320.0,115.0,81.70999908447266,15.649999618530273
2
0
0
0
0
1
284.0,82.0,41.15999984741211,73.48300170898438
2
0
0
0
0
1
276.0,34.0,20.700000762939453,78.59200286865234
277.0,30.0,20.700000762939453,78.59200286865234
279.0,25.0,20.700000762939453,78.59200286865234
280.0,28.0,20.700000762939453,78.59200286865234
280.0,28.0,20.700000762939453,78.59200286865234
280.0,28.0,20.700000762939453,78.59200286865234
280.0,28.0,20.700000762939453,78.59200286865234
275.0,26.0,20.700000762939453,78.59200286865234
275.0,26.0,20.700000762939453,78.59200286865234
275.0,26.0,20.700000762939453,78.59200286865234
275.0,26.0,20.700000762939453,78.59200286865234
2
0
0
0
0
1
282.0,14.0,53.2599983215332,68.53199768066406
277.0,12.0,53.2599983215332,68.53199768066406
274.0,12.0,53.2599983215332,68.53199768066406
281.0,21.0,53.2599983215332,68.53199768066406
281.0,21.0,53.2599983215332,68.53199768066406
281.0,21.0,53.2599983215332,68.53199768066406
281.0,21.0,53.2599983215332,68.53199768066406
2
0
0
0
0
1
242.0,63.0,53.52000045776367,78.3759994506836
239.0,68.0,53.52000045776367,78.3759994506836
236.0,73.0,53.52000045776367,78.3759994506836
233.0,78.0,53.52000045776367,78.3759994506836
233.0,78.0,53.52000045776367,78.3759994506836
233.0,78.0,53.52000045776367,78.3759994506836
233.0,78.0,53.52000045776367,78.3759994506836
245.0,74.0,53.52000045776367,78.3759994506836
245.0,74.0,53.52000045776367,78.3759994506836
245.0,74.0,53.52000045776367,78.3759994506836
245.0,74.0,53.52000045776367,78.3759994506836
216.0,102.0,53.52000045776367,78.3759994506836
216.0,102.0,53.52000045776367,78.3759994506836
216.0,102.0,53.52000045776367,78.3759994506836
216.0,102.0,53.52000045776367,78.3759994506836
2
0
0
0
0
1
217.0,155.0,41.900001525878906,83.26000213623047
220.0,151.0,41.900001525878906,83.26000213623047
2
0
0
0
0
1
233.0,212.0,23.209999084472656,89.27999877929688
235.0,219.0,23.209999084472656,89.27999877929688
233.0,211.0,23.209999084472656,89.27999877929688
231.0,206.0,23.209999084472656,89.27999877929688
231.0,206.0,23.209999084472656,89.27999877929688
231.0,206.0,23.209999084472656,89.27999877929688
231.0,206.0,23.209999084472656,89.27999877929688
255.0,253.0,23.209999084472656,89.27999877929688
255.0,253.0,23.209999084472656,89.27999877929688
255.0,253.0,23.209999084472656,89.27999877929688
255.0,253.0,23.209999084472656,89.27999877929688
260.0,273.0,23.209999084472656,89.27999877929688
260.0,273.0,23.209999084472656,89.27999877929688
260.0,273.0,23.209999084472656,89.27999877929688
260.0,273.0,23.209999084472656,89.27999877929688
265.0,293.0,23.209999084472656,89.27999877929688
265.0,293.0,23.209999084472656,89.27999877929688
265.0,293.0,23.209999084472656,89.27999877929688
265.0,293.0,23.209999084472656,89.27999877929688
2
0
0
0
0
1
248.0,366.0,39.470001220703125,82.80000305175781
245.0,373.0,39.470001220703125,82.80000305175781
247.0,366.0,39.470001220703125,82.80000305175781
247.0,364.0,39.470001220703125,82.80000305175781
247.0,364.0,39.470001220703125,82.80000305175781
247.0,364.0,39.470001220703125,82.80000305175781
247.0,364.0,39.470001220703125,82.80000305175781
2
0
0
0
0
1
237.0,416.0,31.719999313354492,80.83000183105469
237.0,417.0,31.719999313354492,80.83000183105469
239.0,407.0,31.719999313354492,80.83000183105469
237.0,398.0,31.719999313354492,80.83000183105469
237.0,398.0,31.719999313354492,80.83000183105469
237.0,398.0,31.719999313354492,80.83000183105469
237.0,398.0,31.719999313354492,80.83000183105469
2
0
0
0
0
1
254.0,489.0,31.1200008392334,81.3499984741211
255.0,488.0,31.1200008392334,81.3499984741211
256.0,483.0,31.1200008392334,81.3499984741211
2
0
0
0
0
1
252.0,533.0,33.83000183105469,87.29000091552734
251.0,536.0,33.83000183105469,87.29000091552734
253.0,521.0,33.83000183105469,87.29000091552734
2
0
0
0
0
1
291.0,562.0,77.56999969482422,59.529998779296875
307.0,551.0,77.56999969482422,59.529998779296875
322.0,540.0,77.56999969482422,59.529998779296875
336.0,530.0,77.56999969482422,59.529998779296875
336.0,530.0,77.56999969482422,59.529998779296875
336.0,530.0,77.56999969482422,59.529998779296875
336.0,530.0,77.56999969482422,59.529998779296875
385.0,496.0,77.56999969482422,59.529998779296875
385.0,496.0,77.56999969482422,59.529998779296875
385.0,496.0,77.56999969482422,59.529998779296875
385.0,496.0,77.56999969482422,59.529998779296875
2
0
0
0
0
1
490.0,510.0,21.84000015258789,71.9000015258789
493.0,506.0,21.84000015258789,71.9000015258789
2
0
0
0
0
1
473.0,535.0,26.43000030517578,72.91000366210938
2
0
0
0
0
1
2
0
0
0
0
1
2
0
0
0
0
1
604.0,512.0,75.54000091552734,66.37999725341797
620.0,524.0,75.54000091552734,66.37999725341797
634.0,535.0,75.54000091552734,66.37999725341797
647.0,545.0,75.54000091552734,66.37999725341797
647.0,545.0,75.54000091552734,66.37999725341797
647.0,545.0,75.54000091552734,66.37999725341797
647.0,545.0,75.54000091552734,66.37999725341797
692.0,580.0,75.54000091552734,66.37999725341797
692.0,580.0,75.54000091552734,66.37999725341797
692.0,580.0,75.54000091552734,66.37999725341797
692.0,580.0,75.54000091552734,66.37999725341797
724.0,607.0,75.54000091552734,66.37999725341797
724.0,607.0,75.54000091552734,66.37999725341797
724.0,607.0,75.54000091552734,66.37999725341797
724.0,607.0,75.54000091552734,66.37999725341797
2
0
0
0
0
1
779.0,609.0,82.33999633789062,57.43000030517578
784.0,606.0,82.33999633789062,57.43000030517578
789.0,603.0,82.33999633789062,57.43000030517578
2
0
0
0
0
1
843.0,622.0,83.0199966430664,17.370100021362305
840.0,624.0,83.0199966430664,17.370100021362305
2
0
0
0
0
1
925.0,604.0,84.23999786376953,34.279998779296875
933.0,602.0,84.23999786376953,34.279998779296875
940.0,600.0,84.23999786376953,34.279998779296875
947.0,598.0,84.23999786376953,34.279998779296875
947.0,598.0,84.23999786376953,34.279998779296875
947.0,598.0,84.23999786376953,34.279998779296875
943.0,597.0,84.23999786376953,34.279998779296875
943.0,597.0,84.23999786376953,34.279998779296875
943.0,597.0,84.23999786376953,34.279998779296875
2
0
0
0
0
1
1032.0,610.0,85.0,31.110000610351562
1024.0,610.0,85.0,31.110000610351562
2
0
0
0
0
1
1085.0,597.0,91.0,48.88999938964844
1081.0,597.0,91.0,48.88999938964844
1078.0,598.0,91.0,48.88999938964844
2
0
0
0
0
1
1197.0,639.0,34.400001525878906,86.79000091552734
1201.0,654.0,34.400001525878906,86.79000091552734
1205.0,667.0,34.400001525878906,86.79000091552734
2
0
0
0
0
1
2
0
0
0
0
1
1485.0,537.0,68.5,68.5
1501.0,521.0,68.5,68.5
2
0
0
0
0
1
2
0
0
0
0
1
1428.0,312.0,60.099998474121094,79.04000091552734
1421.0,301.0,60.099998474121094,79.04000091552734
2
0
0
0
0
1
1168.0,354.0,82.0999984741211,13.170000076293945
1144.0,353.0,82.0999984741211,13.170000076293945
1123.0,353.0,82.0999984741211,13.170000076293945
1103.0,353.0,82.0999984741211,13.170000076293945
1103.0,353.0,82.0999984741211,13.170000076293945
1103.0,353.0,82.0999984741211,13.170000076293945
2
0
0
0
0
1
2
0
0
0
0
1
982.0,369.0,76.2300033569336,47.81999969482422
989.0,373.0,76.2300033569336,47.81999969482422
982.0,363.0,76.2300033569336,47.81999969482422
983.0,350.0,76.2300033569336,47.81999969482422
983.0,350.0,76.2300033569336,47.81999969482422
983.0,350.0,76.2300033569336,47.81999969482422
2
0
0
0
0
1
865.0,355.0,87.77999877929688,17.559999465942383
845.0,351.0,87.77999877929688,17.559999465942383
825.0,347.0,87.77999877929688,17.559999465942383
808.0,344.0,87.77999877929688,17.559999465942383
808.0,344.0,87.77999877929688,17.559999465942383
808.0,344.0,87.77999877929688,17.559999465942383
2
0
0
0
0
1
671.0,313.0,86.62999725341797,30.920000076293945
663.0,313.0,86.62999725341797,30.920000076293945
659.0,313.0,86.62999725341797,30.920000076293945
2
0
0
0
0
1
550.0,279.0,88.62989807128906,31.329999923706055
541.0,277.0,88.62989807128906,31.329999923706055
533.0,275.0,88.62989807128906,31.329999923706055
528.0,274.0,88.62989807128906,31.329999923706055
528.0,274.0,88.62989807128906,31.329999923706055
528.0,274.0,88.62989807128906,31.329999923706055
2
0
0
0
0
1
338.0,302.0,82.73999786376953,25.760000228881836
2
0
0
0
0
1
276.0,209.0,44.09000015258789,85.54000091552734
270.0,197.0,44.09000015258789,85.54000091552734
265.0,186.0,44.09000015258789,85.54000091552734
261.0,176.0,44.09000015258789,85.54000091552734
261.0,176.0,44.09000015258789,85.54000091552734
261.0,176.0,44.09000015258789,85.54000091552734
261.0,176.0,44.09000015258789,85.54000091552734
247.0,143.0,44.09000015258789,85.54000091552734
247.0,143.0,44.09000015258789,85.54000091552734
247.0,143.0,44.09000015258789,85.54000091552734
247.0,143.0,44.09000015258789,85.54000091552734
2
0
0
0
0
1
308.0,110.0,83.88999938964844,33.970001220703125
316.0,107.0,83.88999938964844,33.970001220703125
322.0,105.0,83.88999938964844,33.970001220703125
330.0,102.0,83.88999938964844,33.970001220703125
330.0,102.0,83.88999938964844,33.970001220703125
330.0,102.0,83.88999938964844,33.970001220703125
2
0
0
0
0
1
399.0,103.0,84.6500015258789,46.7400016784668
408.0,106.0,84.6500015258789,46.7400016784668
413.0,108.0,84.6500015258789,46.7400016784668
422.0,112.0,84.6500015258789,46.7400016784668
422.0,112.0,84.6500015258789,46.7400016784668
