1
329.0,162.0,38.11000061035156,50.880001068115234
328.0,161.0,38.11000061035156,50.880001068115234
328.0,161.0,38.11000061035156,50.880001068115234
327.0,161.0,38.11000061035156,50.880001068115234
327.0,161.0,38.11000061035156,50.880001068115234
327.0,161.0,38.11000061035156,50.880001068115234
327.0,161.0,38.11000061035156,50.880001068115234
327.0,161.0,38.11000061035156,50.880001068115234
327.0,161.0,38.11000061035156,50.880001068115234
327.0,161.0,38.11000061035156,50.880001068115234
327.0,161.0,38.11000061035156,50.880001068115234
332.0,153.0,38.11000061035156,50.880001068115234
332.0,153.0,38.11000061035156,50.880001068115234
332.0,153.0,38.11000061035156,50.880001068115234
332.0,153.0,38.11000061035156,50.880001068115234
332.0,153.0,38.11000061035156,50.880001068115234
300.0,145.0,38.11000061035156,50.880001068115234
295.0,143.0,38.11000061035156,50.880001068115234
2
0
0
0
0
1
323.0,160.0,30.459999084472656,68.36000061035156
319.0,159.0,30.459999084472656,68.36000061035156
314.0,157.0,30.459999084472656,68.36000061035156
314.0,157.0,30.459999084472656,68.36000061035156
314.0,155.0,30.459999084472656,68.36000061035156
312.0,155.0,30.459999084472656,68.36000061035156
306.0,153.0,30.459999084472656,68.36000061035156
306.0,153.0,30.459999084472656,68.36000061035156
2
0
0
0
0
1
2
0
0
0
0
1
328.0,151.0,28.389999389648438,69.61000061035156
327.0,152.0,28.389999389648438,69.61000061035156
326.0,153.0,28.389999389648438,69.61000061035156
326.0,154.0,28.389999389648438,69.61000061035156
326.0,154.0,28.389999389648438,69.61000061035156
326.0,154.0,28.389999389648438,69.61000061035156
326.0,154.0,28.389999389648438,69.61000061035156
326.0,154.0,28.389999389648438,69.61000061035156
326.0,154.0,28.389999389648438,69.61000061035156
326.0,154.0,28.389999389648438,69.61000061035156
326.0,154.0,28.389999389648438,69.61000061035156
326.0,154.0,28.389999389648438,69.61000061035156
326.0,154.0,28.389999389648438,69.61000061035156
331.0,154.0,28.389999389648438,69.61000061035156
331.0,154.0,28.389999389648438,69.61000061035156
331.0,154.0,28.389999389648438,69.61000061035156
331.0,154.0,28.389999389648438,69.61000061035156
329.0,154.0,28.389999389648438,69.61000061035156
328.0,154.0,28.389999389648438,69.61000061035156
326.0,153.0,28.389999389648438,69.61000061035156
324.0,152.0,28.389999389648438,69.61000061035156
322.0,152.0,28.389999389648438,69.61000061035156
320.0,153.0,28.389999389648438,69.61000061035156
318.0,153.0,28.389999389648438,69.61000061035156
317.0,153.0,28.389999389648438,69.61000061035156
317.0,153.0,28.389999389648438,69.61000061035156
317.0,153.0,28.389999389648438,69.61000061035156
318.0,153.0,28.389999389648438,69.61000061035156
318.0,153.0,28.389999389648438,69.61000061035156
319.0,154.0,28.389999389648438,69.61000061035156
319.0,153.0,28.389999389648438,69.61000061035156
319.0,153.0,28.389999389648438,69.61000061035156
318.0,153.0,28.389999389648438,69.61000061035156
317.0,153.0,28.389999389648438,69.61000061035156
316.0,153.0,28.389999389648438,69.61000061035156
316.0,153.0,28.389999389648438,69.61000061035156
317.0,153.0,28.389999389648438,69.61000061035156
317.0,153.0,28.389999389648438,69.61000061035156
317.0,153.0,28.389999389648438,69.61000061035156
317.0,153.0,28.389999389648438,69.61000061035156
317.0,153.0,28.389999389648438,69.61000061035156
317.0,153.0,28.389999389648438,69.61000061035156
320.0,150.0,28.389999389648438,69.61000061035156
320.0,150.0,28.389999389648438,69.61000061035156
321.0,151.0,28.389999389648438,69.61000061035156
322.0,152.0,28.389999389648438,69.61000061035156
324.0,152.0,28.389999389648438,69.61000061035156
325.0,151.0,28.389999389648438,69.61000061035156
327.0,151.0,28.389999389648438,69.61000061035156
328.0,151.0,28.389999389648438,69.61000061035156
329.0,151.0,28.389999389648438,69.61000061035156
330.0,151.0,28.389999389648438,69.61000061035156
330.0,150.0,28.389999389648438,69.61000061035156
330.0,150.0,28.389999389648438,69.61000061035156
330.0,150.0,28.389999389648438,69.61000061035156
330.0,150.0,28.389999389648438,69.61000061035156
331.0,150.0,28.389999389648438,69.61000061035156
331.0,149.0,28.389999389648438,69.61000061035156
331.0,148.0,28.389999389648438,69.61000061035156
332.0,147.0,28.389999389648438,69.61000061035156
333.0,147.0,28.389999389648438,69.61000061035156
334.0,148.0,28.389999389648438,69.61000061035156
334.0,147.0,28.389999389648438,69.61000061035156
335.0,147.0,28.389999389648438,69.61000061035156
336.0,148.0,28.389999389648438,69.61000061035156
338.0,149.0,28.389999389648438,69.61000061035156
339.0,150.0,28.389999389648438,69.61000061035156
339.0,150.0,28.389999389648438,69.61000061035156
339.0,150.0,28.389999389648438,69.61000061035156
339.0,150.0,28.389999389648438,69.61000061035156
348.0,152.0,28.389999389648438,69.61000061035156
350.0,153.0,28.389999389648438,69.61000061035156
352.0,153.0,28.389999389648438,69.61000061035156
352.0,152.0,28.389999389648438,69.61000061035156
352.0,152.0,28.389999389648438,69.61000061035156
353.0,153.0,28.389999389648438,69.61000061035156
352.0,153.0,28.389999389648438,69.61000061035156
352.0,153.0,28.389999389648438,69.61000061035156
352.0,153.0,28.389999389648438,69.61000061035156
352.0,153.0,28.389999389648438,69.61000061035156
347.0,153.0,28.389999389648438,69.61000061035156
347.0,153.0,28.389999389648438,69.61000061035156
346.0,152.0,28.389999389648438,69.61000061035156
346.0,152.0,28.389999389648438,69.61000061035156
345.0,152.0,28.389999389648438,69.61000061035156
344.0,152.0,28.389999389648438,69.61000061035156
344.0,152.0,28.389999389648438,69.61000061035156
344.0,152.0,28.389999389648438,69.61000061035156
344.0,152.0,28.389999389648438,69.61000061035156
2
0
0
0
0
1
387.0,156.0,32.79999923706055,83.5
388.0,157.0,32.79999923706055,83.5
389.0,158.0,32.79999923706055,83.5
390.0,159.0,32.79999923706055,83.5
391.0,159.0,32.79999923706055,83.5
391.0,159.0,32.79999923706055,83.5
391.0,159.0,32.79999923706055,83.5
391.0,159.0,32.79999923706055,83.5
391.0,159.0,32.79999923706055,83.5
391.0,159.0,32.79999923706055,83.5
391.0,159.0,32.79999923706055,83.5
391.0,159.0,32.79999923706055,83.5
391.0,159.0,32.79999923706055,83.5
391.0,159.0,32.79999923706055,83.5
407.0,159.0,32.79999923706055,83.5
407.0,158.0,32.79999923706055,83.5
407.0,157.0,32.79999923706055,83.5
407.0,157.0,32.79999923706055,83.5
407.0,157.0,32.79999923706055,83.5
407.0,158.0,32.79999923706055,83.5
407.0,158.0,32.79999923706055,83.5
407.0,158.0,32.79999923706055,83.5
408.0,159.0,32.79999923706055,83.5
409.0,160.0,32.79999923706055,83.5
412.0,161.0,32.79999923706055,83.5
415.0,162.0,32.79999923706055,83.5
419.0,162.0,32.79999923706055,83.5
424.0,162.0,32.79999923706055,83.5
424.0,162.0,32.79999923706055,83.5
424.0,162.0,32.79999923706055,83.5
441.0,162.0,32.79999923706055,83.5
444.0,161.0,32.79999923706055,83.5
448.0,160.0,32.79999923706055,83.5
451.0,160.0,32.79999923706055,83.5
452.0,159.0,32.79999923706055,83.5
454.0,158.0,32.79999923706055,83.5
456.0,156.0,32.79999923706055,83.5
457.0,154.0,32.79999923706055,83.5
458.0,153.0,32.79999923706055,83.5
460.0,152.0,32.79999923706055,83.5
460.0,152.0,32.79999923706055,83.5
459.0,152.0,32.79999923706055,83.5
459.0,152.0,32.79999923706055,83.5
459.0,152.0,32.79999923706055,83.5
459.0,152.0,32.79999923706055,83.5
459.0,152.0,32.79999923706055,83.5
459.0,152.0,32.79999923706055,83.5
459.0,152.0,32.79999923706055,83.5
459.0,152.0,32.79999923706055,83.5
459.0,152.0,32.79999923706055,83.5
459.0,152.0,32.79999923706055,83.5
459.0,152.0,32.79999923706055,83.5
459.0,152.0,32.79999923706055,83.5
459.0,152.0,32.79999923706055,83.5
459.0,152.0,32.79999923706055,83.5
459.0,152.0,32.79999923706055,83.5
459.0,152.0,32.79999923706055,83.5
459.0,152.0,32.79999923706055,83.5
459.0,152.0,32.79999923706055,83.5
459.0,152.0,32.79999923706055,83.5
459.0,152.0,32.79999923706055,83.5
459.0,152.0,32.79999923706055,83.5
459.0,152.0,32.79999923706055,83.5
459.0,152.0,32.79999923706055,83.5
459.0,152.0,32.79999923706055,83.5
2
0
0
0
0
1
449.0,154.0,29.829999923706055,70.16999816894531
449.0,154.0,29.829999923706055,70.16999816894531
449.0,154.0,29.829999923706055,70.16999816894531
449.0,154.0,29.829999923706055,70.16999816894531
448.0,153.0,29.829999923706055,70.16999816894531
448.0,152.0,29.829999923706055,70.16999816894531
448.0,152.0,29.829999923706055,70.16999816894531
448.0,152.0,29.829999923706055,70.16999816894531
448.0,153.0,29.829999923706055,70.16999816894531
448.0,153.0,29.829999923706055,70.16999816894531
448.0,153.0,29.829999923706055,70.16999816894531
448.0,153.0,29.829999923706055,70.16999816894531
448.0,153.0,29.829999923706055,70.16999816894531
448.0,153.0,29.829999923706055,70.16999816894531
448.0,153.0,29.829999923706055,70.16999816894531
448.0,153.0,29.829999923706055,70.16999816894531
448.0,153.0,29.829999923706055,70.16999816894531
450.0,146.0,29.829999923706055,70.16999816894531
452.0,145.0,29.829999923706055,70.16999816894531
453.0,144.0,29.829999923706055,70.16999816894531
454.0,143.0,29.829999923706055,70.16999816894531
455.0,142.0,29.829999923706055,70.16999816894531
455.0,142.0,29.829999923706055,70.16999816894531
455.0,142.0,29.829999923706055,70.16999816894531
455.0,142.0,29.829999923706055,70.16999816894531
455.0,142.0,29.829999923706055,70.16999816894531
455.0,142.0,29.829999923706055,70.16999816894531
455.0,142.0,29.829999923706055,70.16999816894531
2
0
0
0
0
1
524.0,127.0,34.97999954223633,83.18000030517578
527.0,125.0,34.97999954223633,83.18000030517578
530.0,123.0,34.97999954223633,83.18000030517578
530.0,125.0,34.97999954223633,83.18000030517578
530.0,125.0,34.97999954223633,83.18000030517578
529.0,124.0,34.97999954223633,83.18000030517578
528.0,123.0,34.97999954223633,83.18000030517578
527.0,122.0,34.97999954223633,83.18000030517578
525.0,121.0,34.97999954223633,83.18000030517578
523.0,120.0,34.97999954223633,83.18000030517578
520.0,120.0,34.97999954223633,83.18000030517578
517.0,120.0,34.97999954223633,83.18000030517578
515.0,119.0,34.97999954223633,83.18000030517578
513.0,118.0,34.97999954223633,83.18000030517578
511.0,117.0,34.97999954223633,83.18000030517578
509.0,116.0,34.97999954223633,83.18000030517578
506.0,116.0,34.97999954223633,83.18000030517578
502.0,113.0,34.97999954223633,83.18000030517578
500.0,111.0,34.97999954223633,83.18000030517578
499.0,110.0,34.97999954223633,83.18000030517578
496.0,108.0,34.97999954223633,83.18000030517578
492.0,104.0,34.97999954223633,83.18000030517578
489.0,101.0,34.97999954223633,83.18000030517578
487.0,100.0,34.97999954223633,83.18000030517578
484.0,97.0,34.97999954223633,83.18000030517578
484.0,97.0,34.97999954223633,83.18000030517578
478.0,88.0,34.97999954223633,83.18000030517578
477.0,86.0,34.97999954223633,83.18000030517578
472.0,81.0,34.97999954223633,83.18000030517578
469.0,78.0,34.97999954223633,83.18000030517578
468.0,74.0,34.97999954223633,83.18000030517578
467.0,70.0,34.97999954223633,83.18000030517578
465.0,67.0,34.97999954223633,83.18000030517578
465.0,63.0,34.97999954223633,83.18000030517578
463.0,60.0,34.97999954223633,83.18000030517578
463.0,60.0,34.97999954223633,83.18000030517578
463.0,60.0,34.97999954223633,83.18000030517578
463.0,60.0,34.97999954223633,83.18000030517578
463.0,60.0,34.97999954223633,83.18000030517578
463.0,60.0,34.97999954223633,83.18000030517578
467.0,57.0,34.97999954223633,83.18000030517578
467.0,57.0,34.97999954223633,83.18000030517578
2
0
0
0
0
1
491.0,83.0,31.110000610351562,77.70999908447266
489.0,82.0,31.110000610351562,77.70999908447266
488.0,82.0,31.110000610351562,77.70999908447266
486.0,82.0,31.110000610351562,77.70999908447266
483.0,81.0,31.110000610351562,77.70999908447266
479.0,80.0,31.110000610351562,77.70999908447266
474.0,79.0,31.110000610351562,77.70999908447266
469.0,77.0,31.110000610351562,77.70999908447266
464.0,74.0,31.110000610351562,77.70999908447266
457.0,73.0,31.110000610351562,77.70999908447266
448.0,73.0,31.110000610351562,77.70999908447266
448.0,73.0,31.110000610351562,77.70999908447266
448.0,73.0,31.110000610351562,77.70999908447266
2
0
0
0
0
1
435.0,94.0,35.40999984741211,72.43099975585938
433.0,93.0,35.40999984741211,72.43099975585938
431.0,94.0,35.40999984741211,72.43099975585938
428.0,97.0,35.40999984741211,72.43099975585938
426.0,97.0,35.40999984741211,72.43099975585938
425.0,99.0,35.40999984741211,72.43099975585938
424.0,100.0,35.40999984741211,72.43099975585938
422.0,102.0,35.40999984741211,72.43099975585938
421.0,102.0,35.40999984741211,72.43099975585938
419.0,103.0,35.40999984741211,72.43099975585938
417.0,104.0,35.40999984741211,72.43099975585938
416.0,106.0,35.40999984741211,72.43099975585938
415.0,108.0,35.40999984741211,72.43099975585938
412.0,111.0,35.40999984741211,72.43099975585938
410.0,112.0,35.40999984741211,72.43099975585938
408.0,113.0,35.40999984741211,72.43099975585938
406.0,114.0,35.40999984741211,72.43099975585938
402.0,117.0,35.40999984741211,72.43099975585938
400.0,118.0,35.40999984741211,72.43099975585938
394.0,118.0,35.40999984741211,72.43099975585938
392.0,119.0,35.40999984741211,72.43099975585938
392.0,120.0,35.40999984741211,72.43099975585938
391.0,125.0,35.40999984741211,72.43099975585938
391.0,127.0,35.40999984741211,72.43099975585938
391.0,128.0,35.40999984741211,72.43099975585938
391.0,130.0,35.40999984741211,72.43099975585938
389.0,133.0,35.40999984741211,72.43099975585938
388.0,134.0,35.40999984741211,72.43099975585938
387.0,137.0,35.40999984741211,72.43099975585938
387.0,139.0,35.40999984741211,72.43099975585938
387.0,141.0,35.40999984741211,72.43099975585938
386.0,142.0,35.40999984741211,72.43099975585938
385.0,145.0,35.40999984741211,72.43099975585938
384.0,148.0,35.40999984741211,72.43099975585938
383.0,149.0,35.40999984741211,72.43099975585938
383.0,151.0,35.40999984741211,72.43099975585938
383.0,151.0,35.40999984741211,72.43099975585938
2
