1
339.0,112.0,81.70999908447266,15.649999618530273
337.0,113.0,81.70999908447266,15.649999618530273
330.0,114.0,81.70999908447266,15.649999618530273
324.0,115.0,81.70999908447266,15.649999618530273
322.0,116.0,81.70999908447266,15.649999618530273
321.0,117.0,81.70999908447266,15.649999618530273
2
0
0
0
0
1
278.0,52.0,34.66999816894531,88.03099822998047
276.0,47.0,34.66999816894531,88.03099822998047
276.0,57.0,34.66999816894531,88.03099822998047
274.0,62.0,34.66999816894531,88.03099822998047
273.0,65.0,34.66999816894531,88.03099822998047
273.0,66.0,34.66999816894531,88.03099822998047
272.0,69.0,34.66999816894531,88.03099822998047
273.0,68.0,34.66999816894531,88.03099822998047
276.0,65.0,34.66999816894531,88.03099822998047
277.0,68.0,34.66999816894531,88.03099822998047
275.0,76.0,34.66999816894531,88.03099822998047
2
0
0
0
0
1
270.0,28.0,62.130001068115234,66.60199737548828
271.0,39.0,62.130001068115234,66.60199737548828
275.0,50.0,62.130001068115234,66.60199737548828
281.0,59.0,62.130001068115234,66.60199737548828
284.0,65.0,62.130001068115234,66.60199737548828
287.0,71.0,62.130001068115234,66.60199737548828
2
0
0
0
0
1
260.0,30.0,52.310001373291016,70.91600036621094
261.0,31.0,52.310001373291016,70.91600036621094
260.0,35.0,52.310001373291016,70.91600036621094
257.0,42.0,52.310001373291016,70.91600036621094
255.0,47.0,52.310001373291016,70.91600036621094
252.0,53.0,52.310001373291016,70.91600036621094
249.0,58.0,52.310001373291016,70.91600036621094
246.0,63.0,52.310001373291016,70.91600036621094
244.0,66.0,52.310001373291016,70.91600036621094
242.0,69.0,52.310001373291016,70.91600036621094
241.0,71.0,52.310001373291016,70.91600036621094
243.0,73.0,52.310001373291016,70.91600036621094
248.0,74.0,52.310001373291016,70.91600036621094
253.0,75.0,52.310001373291016,70.91600036621094
258.0,76.0,52.310001373291016,70.91600036621094
264.0,76.0,52.310001373291016,70.91600036621094
2
0
0
0
0
1
221.0,143.0,23.700000762939453,88.45999908447266
220.0,149.0,23.700000762939453,88.45999908447266
221.0,151.0,23.700000762939453,88.45999908447266
223.0,149.0,23.700000762939453,88.45999908447266
226.0,146.0,23.700000762939453,88.45999908447266
229.0,143.0,23.700000762939453,88.45999908447266
2
0
0
0
0
1
233.0,212.0,23.209999084472656,89.27999877929688
235.0,218.0,23.209999084472656,89.27999877929688
236.0,221.0,23.209999084472656,89.27999877929688
234.0,215.0,23.209999084472656,89.27999877929688
232.0,210.0,23.209999084472656,89.27999877929688
234.0,212.0,23.209999084472656,89.27999877929688
239.0,219.0,23.209999084472656,89.27999877929688
241.0,221.0,23.209999084472656,89.27999877929688
244.0,223.0,23.209999084472656,89.27999877929688
245.0,220.0,23.209999084472656,89.27999877929688
246.0,218.0,23.209999084472656,89.27999877929688
246.0,215.0,23.209999084472656,89.27999877929688
2
0
0
0
0
1
266.0,294.0,24.40999984741211,87.26000213623047
268.0,287.0,24.40999984741211,87.26000213623047
270.0,281.0,24.40999984741211,87.26000213623047
271.0,279.0,24.40999984741211,87.26000213623047
269.0,282.0,24.40999984741211,87.26000213623047
268.0,274.0,24.40999984741211,87.26000213623047
2
0
0
0
0
1
243.0,392.0,32.380001068115234,85.73999786376953
243.0,392.0,32.380001068115234,85.73999786376953
243.0,393.0,32.380001068115234,85.73999786376953
243.0,394.0,32.380001068115234,85.73999786376953
243.0,394.0,32.380001068115234,85.73999786376953
243.0,393.0,32.380001068115234,85.73999786376953
243.0,393.0,32.380001068115234,85.73999786376953
243.0,393.0,32.380001068115234,85.73999786376953
243.0,393.0,32.380001068115234,85.73999786376953
243.0,393.0,32.380001068115234,85.73999786376953
244.0,386.0,32.380001068115234,85.73999786376953
241.0,383.0,32.380001068115234,85.73999786376953
240.0,375.0,32.380001068115234,85.73999786376953
248.0,409.0,32.380001068115234,85.73999786376953
248.0,408.0,32.380001068115234,85.73999786376953
253.0,438.0,32.380001068115234,85.73999786376953
255.0,444.0,32.380001068115234,85.73999786376953
254.0,442.0,32.380001068115234,85.73999786376953
257.0,448.0,32.380001068115234,85.73999786376953
262.0,455.0,32.380001068115234,85.73999786376953
264.0,453.0,32.380001068115234,85.73999786376953
2
0
0
0
0
1
257.0,521.0,27.860000610351562,87.05000305175781
256.0,525.0,27.860000610351562,87.05000305175781
255.0,529.0,27.860000610351562,87.05000305175781
254.0,532.0,27.860000610351562,87.05000305175781
253.0,535.0,27.860000610351562,87.05000305175781
255.0,520.0,27.860000610351562,87.05000305175781
2
0
0
0
0
1
291.0,562.0,77.56999969482422,59.529998779296875
307.0,551.0,77.56999969482422,59.529998779296875
322.0,540.0,77.56999969482422,59.529998779296875
336.0,530.0,77.56999969482422,59.529998779296875
349.0,521.0,77.56999969482422,59.529998779296875
362.0,512.0,77.56999969482422,59.529998779296875
373.0,504.0,77.56999969482422,59.529998779296875
384.0,496.0,77.56999969482422,59.529998779296875
2
0
0
0
0
1
455.0,477.0,62.349998474121094,75.04000091552734
457.0,471.0,62.349998474121094,75.04000091552734
459.0,466.0,62.349998474121094,75.04000091552734
460.0,477.0,62.349998474121094,75.04000091552734
463.0,475.0,62.349998474121094,75.04000091552734
467.0,472.0,62.349998474121094,75.04000091552734
2
0
0
0
0
1
465.0,550.0,45.2400016784668,77.08999633789062
469.0,558.0,45.2400016784668,77.08999633789062
474.0,567.0,45.2400016784668,77.08999633789062
478.0,574.0,45.2400016784668,77.08999633789062
482.0,581.0,45.2400016784668,77.08999633789062
2
0
0
0
0
1
2
0
0
0
0
1
590.0,502.0,70.72000122070312,64.55999755859375
609.0,515.0,70.72000122070312,64.55999755859375
625.0,526.0,70.72000122070312,64.55999755859375
639.0,537.0,70.72000122070312,64.55999755859375
652.0,547.0,70.72000122070312,64.55999755859375
664.0,556.0,70.72000122070312,64.55999755859375
676.0,565.0,70.72000122070312,64.55999755859375
686.0,573.0,70.72000122070312,64.55999755859375
696.0,581.0,70.72000122070312,64.55999755859375
704.0,588.0,70.72000122070312,64.55999755859375
711.0,594.0,70.72000122070312,64.55999755859375
718.0,600.0,70.72000122070312,64.55999755859375
725.0,606.0,70.72000122070312,64.55999755859375
720.0,604.0,70.72000122070312,64.55999755859375
713.0,607.0,70.72000122070312,64.55999755859375
707.0,611.0,70.72000122070312,64.55999755859375
704.0,615.0,70.72000122070312,64.55999755859375
2
0
0
0
0
1
782.0,607.0,82.51000213623047,57.4900016784668
777.0,610.0,82.51000213623047,57.4900016784668
2
0
0
0
0
1
843.0,622.0,83.0199966430664,17.370100021362305
840.0,624.0,83.0199966430664,17.370100021362305
838.0,626.0,83.0199966430664,17.370100021362305
2
0
0
0
0
1
930.0,601.0,86.23999786376953,38.90999984741211
937.0,599.0,86.23999786376953,38.90999984741211
942.0,598.0,86.23999786376953,38.90999984741211
946.0,597.0,86.23999786376953,38.90999984741211
950.0,596.0,86.23999786376953,38.90999984741211
937.0,597.0,86.23999786376953,38.90999984741211
926.0,596.0,86.23999786376953,38.90999984741211
920.0,595.0,86.23999786376953,38.90999984741211
2
0
0
0
0
1
1032.0,610.0,85.0,31.110000610351562
1026.0,611.0,85.0,31.110000610351562
1014.0,615.0,85.0,31.110000610351562
1008.0,618.0,85.0,31.110000610351562
1003.0,621.0,85.0,31.110000610351562
2
0
0
0
0
1
1126.0,593.0,84.19999694824219,30.809999465942383
2
0
0
0
0
1
1200.0,657.0,37.599998474121094,85.98999786376953
1203.0,667.0,37.599998474121094,85.98999786376953
1206.0,677.0,37.599998474121094,85.98999786376953
2
0
0
0
0
1
1378.0,692.0,33.899898529052734,72.58000183105469
1399.0,658.0,33.899898529052734,72.58000183105469
1418.0,630.0,33.899898529052734,72.58000183105469
1435.0,608.0,33.899898529052734,72.58000183105469
2
0
0
0
0
1
1525.0,454.0,61.79990005493164,65.19000244140625
1508.0,432.0,61.79990005493164,65.19000244140625
1500.0,421.0,61.79990005493164,65.19000244140625
1492.0,412.0,61.79990005493164,65.19000244140625
1489.0,410.0,61.79990005493164,65.19000244140625
1481.0,399.0,61.79990005493164,65.19000244140625
1473.0,386.0,61.79990005493164,65.19000244140625
1465.0,373.0,61.79990005493164,65.19000244140625
1458.0,362.0,61.79990005493164,65.19000244140625
1450.0,350.0,61.79990005493164,65.19000244140625
1443.0,340.0,61.79990005493164,65.19000244140625
2
0
0
0
0
1
1168.0,354.0,82.0999984741211,13.170000076293945
1150.0,354.0,82.0999984741211,13.170000076293945
1132.0,354.0,82.0999984741211,13.170000076293945
1115.0,354.0,82.0999984741211,13.170000076293945
2
0
0
0
0
1
988.0,357.0,84.56990051269531,12.039999961853027
978.0,357.0,84.56990051269531,12.039999961853027
2
0
0
0
0
1
982.0,369.0,76.2300033569336,47.81999969482422
987.0,372.0,76.2300033569336,47.81999969482422
981.0,363.0,76.2300033569336,47.81999969482422
983.0,351.0,76.2300033569336,47.81999969482422
2
0
0
0
0
1
938.0,359.0,82.7699966430664,51.95000076293945
2
0
0
0
0
1
795.0,338.0,82.22000122070312,30.809999465942383
796.0,340.0,82.22000122070312,30.809999465942383
802.0,345.0,82.22000122070312,30.809999465942383
2
0
0
0
0
1
636.0,300.0,84.72000122070312,39.220001220703125
623.0,296.0,84.72000122070312,39.220001220703125
613.0,293.0,84.72000122070312,39.220001220703125
604.0,290.0,84.72000122070312,39.220001220703125
600.0,288.0,84.72000122070312,39.220001220703125
601.0,287.0,84.72000122070312,39.220001220703125
605.0,287.0,84.72000122070312,39.220001220703125
601.0,286.0,84.72000122070312,39.220001220703125
595.0,285.0,84.72000122070312,39.220001220703125
588.0,284.0,84.72000122070312,39.220001220703125
582.0,283.0,84.72000122070312,39.220001220703125
2
0
0
0
0
1
379.0,294.0,78.95999908447266,28.6200008392334
359.0,297.0,78.95999908447266,28.6200008392334
340.0,300.0,78.95999908447266,28.6200008392334
2
0
0
0
0
1
276.0,209.0,44.09000015258789,85.54000091552734
271.0,199.0,44.09000015258789,85.54000091552734
266.0,188.0,44.09000015258789,85.54000091552734
262.0,179.0,44.09000015258789,85.54000091552734
259.0,172.0,44.09000015258789,85.54000091552734
256.0,165.0,44.09000015258789,85.54000091552734
253.0,158.0,44.09000015258789,85.54000091552734
250.0,151.0,44.09000015258789,85.54000091552734
2
0
0
0
0
1
285.0,120.0,77.69000244140625,32.0
296.0,116.0,77.69000244140625,32.0
305.0,113.0,77.69000244140625,32.0
314.0,110.0,77.69000244140625,32.0
322.0,107.0,77.69000244140625,32.0
328.0,105.0,77.69000244140625,32.0
334.0,103.0,77.69000244140625,32.0
340.0,101.0,77.69000244140625,32.0
336.0,100.0,77.69000244140625,32.0
329.0,97.0,77.69000244140625,32.0
327.0,94.0,77.69000244140625,32.0
322.0,91.0,77.69000244140625,32.0
317.0,88.0,77.69000244140625,32.0
2
0
0
0
0
1
429.0,119.0,84.70999908447266,42.619998931884766
