1
329.0,113.0,81.0,15.0
319.0,114.0,81.0,15.0
311.0,115.0,81.0,15.0
312.0,116.0,81.0,15.0
312.0,116.0,81.0,15.0
312.0,116.0,81.0,15.0
312.0,116.0,81.0,15.0
312.0,116.0,81.0,15.0
312.0,116.0,81.0,15.0
312.0,116.0,81.0,15.0
312.0,116.0,81.0,15.0
2
0
0
0
0
1
276.0,17.0,26.0,86.0
277.0,15.0,26.0,86.0
278.0,16.0,26.0,86.0
279.0,17.0,26.0,86.0
279.0,17.0,26.0,86.0
279.0,17.0,26.0,86.0
279.0,17.0,26.0,86.0
279.0,17.0,26.0,86.0
279.0,17.0,26.0,86.0
279.0,17.0,26.0,86.0
279.0,17.0,26.0,86.0
279.0,17.0,26.0,86.0
279.0,17.0,26.0,86.0
279.0,17.0,26.0,86.0
279.0,17.0,26.0,86.0
279.0,17.0,26.0,86.0
279.0,17.0,26.0,86.0
279.0,17.0,26.0,86.0
279.0,17.0,26.0,86.0
279.0,17.0,26.0,86.0
279.0,17.0,26.0,86.0
279.0,17.0,26.0,86.0
279.0,17.0,26.0,86.0
279.0,17.0,26.0,86.0
279.0,17.0,26.0,86.0
279.0,17.0,26.0,86.0
279.0,17.0,26.0,86.0
279.0,17.0,26.0,86.0
279.0,17.0,26.0,86.0
279.0,17.0,26.0,86.0
279.0,17.0,26.0,86.0
279.0,17.0,26.0,86.0
279.0,17.0,26.0,86.0
279.0,17.0,26.0,86.0
279.0,17.0,26.0,86.0
279.0,17.0,26.0,86.0
2
0
0
0
0
1
218.0,117.0,43.0,66.0
220.0,113.0,43.0,66.0
221.0,111.0,43.0,66.0
219.0,122.0,45.0,66.0
219.0,122.0,45.0,66.0
219.0,122.0,45.0,66.0
219.0,122.0,45.0,66.0
219.0,122.0,45.0,66.0
219.0,122.0,45.0,66.0
219.0,122.0,45.0,66.0
219.0,122.0,45.0,66.0
219.0,122.0,45.0,66.0
219.0,122.0,45.0,66.0
2
0
0
0
0
1
225.0,221.0,38.0,85.0
223.0,216.0,38.0,85.0
222.0,213.0,38.0,85.0
229.0,224.0,38.0,85.0
229.0,224.0,38.0,85.0
229.0,224.0,38.0,85.0
229.0,224.0,38.0,85.0
229.0,224.0,38.0,85.0
229.0,224.0,38.0,85.0
229.0,224.0,38.0,85.0
229.0,224.0,38.0,85.0
229.0,224.0,38.0,85.0
229.0,224.0,38.0,85.0
229.0,224.0,38.0,85.0
229.0,224.0,38.0,85.0
2
0
0
0
0
1
257.0,345.0,34.0,83.0
252.0,354.0,36.0,83.0
250.0,361.0,34.0,83.0
248.0,365.0,34.0,83.0
248.0,365.0,34.0,83.0
248.0,365.0,34.0,83.0
248.0,365.0,34.0,83.0
248.0,365.0,34.0,83.0
248.0,365.0,34.0,83.0
248.0,365.0,34.0,83.0
248.0,365.0,34.0,83.0
248.0,365.0,34.0,83.0
248.0,365.0,34.0,83.0
248.0,365.0,34.0,83.0
248.0,365.0,34.0,83.0
248.0,365.0,34.0,83.0
248.0,365.0,34.0,83.0
248.0,365.0,34.0,83.0
248.0,365.0,34.0,83.0
248.0,365.0,34.0,83.0
2
0
0
0
0
1
249.0,483.0,37.0,81.0
250.0,480.0,37.0,81.0
252.0,480.0,37.0,81.0
253.0,476.0,37.0,81.0
253.0,476.0,37.0,81.0
253.0,476.0,37.0,81.0
253.0,476.0,37.0,81.0
253.0,476.0,37.0,81.0
253.0,476.0,37.0,81.0
253.0,476.0,37.0,81.0
253.0,476.0,37.0,81.0
253.0,476.0,37.0,81.0
253.0,476.0,37.0,81.0
2
0
0
0
0
1
291.0,562.0,77.0,59.0
307.0,551.0,77.0,59.0
322.0,540.0,77.0,59.0
336.0,530.0,77.0,59.0
336.0,530.0,77.0,59.0
336.0,530.0,77.0,59.0
336.0,530.0,77.0,59.0
336.0,530.0,77.0,59.0
336.0,530.0,77.0,59.0
2
0
0
0
0
1
485.0,490.0,23.0,68.0
487.0,487.0,23.0,68.0
488.0,494.0,23.0,68.0
491.0,489.0,23.0,68.0
491.0,489.0,23.0,68.0
491.0,489.0,23.0,68.0
491.0,489.0,23.0,68.0
491.0,489.0,23.0,68.0
491.0,489.0,23.0,68.0
491.0,489.0,23.0,68.0
2
0
0
0
0
1
487.0,601.0,54.0,77.0
490.0,606.0,54.0,77.0
493.0,611.0,54.0,77.0
496.0,616.0,54.0,77.0
496.0,616.0,54.0,77.0
496.0,616.0,54.0,77.0
496.0,616.0,54.0,77.0
2
0
0
0
0
1
605.0,513.0,75.0,66.0
620.0,524.0,75.0,66.0
634.0,535.0,75.0,66.0
647.0,545.0,75.0,66.0
647.0,545.0,75.0,66.0
647.0,545.0,75.0,66.0
647.0,545.0,75.0,66.0
647.0,545.0,75.0,66.0
647.0,545.0,75.0,66.0
647.0,545.0,75.0,66.0
647.0,545.0,75.0,66.0
2
0
0
0
0
1
761.0,624.0,78.0,52.0
767.0,620.0,78.0,52.0
772.0,616.0,78.0,52.0
778.0,612.0,78.0,52.0
778.0,612.0,78.0,52.0
778.0,612.0,78.0,52.0
778.0,612.0,78.0,52.0
778.0,612.0,78.0,52.0
778.0,612.0,78.0,52.0
778.0,612.0,78.0,52.0
778.0,612.0,78.0,52.0
778.0,612.0,78.0,52.0
778.0,612.0,78.0,52.0
778.0,612.0,78.0,52.0
2
0
0
0
0
1
913.0,606.0,87.0,38.0
921.0,604.0,87.0,38.0
928.0,602.0,87.0,38.0
935.0,600.0,87.0,38.0
935.0,600.0,87.0,38.0
935.0,600.0,87.0,38.0
935.0,600.0,87.0,38.0
935.0,600.0,87.0,38.0
935.0,600.0,87.0,38.0
935.0,600.0,87.0,38.0
935.0,600.0,87.0,38.0
935.0,600.0,87.0,38.0
935.0,600.0,87.0,38.0
935.0,600.0,87.0,38.0
935.0,600.0,87.0,38.0
2
0
0
0
0
1
1064.0,603.0,83.0,48.0
1064.0,603.0,83.0,48.0
1066.0,604.0,83.0,48.0
1068.0,605.0,83.0,48.0
1068.0,605.0,83.0,48.0
1068.0,605.0,83.0,48.0
1068.0,605.0,83.0,48.0
1068.0,605.0,83.0,48.0
2
0
0
0
0
1
1205.0,676.0,38.0,83.0
1210.0,691.0,38.0,83.0
1215.0,706.0,38.0,83.0
1220.0,721.0,38.0,83.0
1220.0,721.0,38.0,83.0
2
0
0
0
0
1
1447.0,575.0,66.0,66.0
1468.0,554.0,66.0,66.0
1487.0,535.0,66.0,66.0
1504.0,518.0,66.0,66.0
1504.0,518.0,66.0,66.0
1504.0,518.0,66.0,66.0
2
0
0
0
0
1
1460.0,358.0,56.0,78.0
1451.0,344.0,56.0,78.0
1443.0,332.0,56.0,78.0
1436.0,321.0,56.0,78.0
1436.0,321.0,56.0,78.0
1436.0,321.0,56.0,78.0
1436.0,321.0,56.0,78.0
2
0
0
0
0
1
1136.0,354.0,80.0,14.0
1114.0,354.0,80.0,14.0
1094.0,354.0,80.0,14.0
1075.0,354.0,80.0,14.0
1075.0,354.0,80.0,14.0
1075.0,354.0,80.0,14.0
1075.0,354.0,80.0,14.0
1075.0,354.0,80.0,14.0
1075.0,354.0,80.0,14.0
2
0
0
0
0
1
970.0,358.0,65.0,49.0
976.0,361.0,65.0,49.0
983.0,365.0,65.0,49.0
990.0,369.0,65.0,49.0
990.0,369.0,65.0,49.0
990.0,369.0,65.0,49.0
990.0,369.0,65.0,49.0
990.0,369.0,65.0,49.0
990.0,369.0,65.0,49.0
990.0,369.0,65.0,49.0
990.0,369.0,65.0,49.0
990.0,369.0,65.0,49.0
2
0
0
0
0
1
802.0,341.0,84.0,22.0
794.0,340.0,84.0,22.0
786.0,339.0,84.0,22.0
778.0,338.0,84.0,22.0
2
0
0
0
0
1
633.0,299.0,84.0,39.0
620.0,295.0,84.0,39.0
605.0,290.0,84.0,39.0
593.0,286.0,84.0,39.0
593.0,286.0,84.0,39.0
593.0,286.0,84.0,39.0
593.0,286.0,84.0,39.0
593.0,286.0,84.0,39.0
593.0,286.0,84.0,39.0
593.0,286.0,84.0,39.0
593.0,286.0,84.0,39.0
593.0,286.0,84.0,39.0
2
0
0
0
0
1
359.0,299.0,77.0,24.0
340.0,302.0,77.0,24.0
321.0,305.0,77.0,24.0
302.0,308.0,77.0,24.0
302.0,308.0,77.0,24.0
302.0,308.0,77.0,24.0
302.0,308.0,77.0,24.0
2
0
0
0
0
1
254.0,160.0,43.0,85.0
251.0,152.0,43.0,85.0
248.0,144.0,43.0,85.0
245.0,136.0,43.0,85.0
245.0,136.0,43.0,85.0
245.0,136.0,43.0,85.0
245.0,136.0,43.0,85.0
245.0,136.0,43.0,85.0
245.0,136.0,43.0,85.0
245.0,136.0,43.0,85.0
2
0
0
0
0
1
332.0,101.0,87.0,31.0
326.0,101.0,87.0,31.0
318.0,98.0,87.0,31.0
314.0,95.0,87.0,31.0
314.0,95.0,87.0,31.0
314.0,95.0,87.0,31.0
314.0,95.0,87.0,31.0
314.0,95.0,87.0,31.0
2
0
0
0
0
