1
166.0,66.0,88.0,64.0
133.0,83.0,88.0,64.0
100.0,100.0,88.0,64.0
2
0
0
0
0
1
121.0,116.0,87.0,67.0
155.0,97.0,87.0,67.0
184.0,98.0,87.0,67.0
204.0,104.0,87.0,67.0
217.0,114.0,87.0,67.0
226.0,116.0,87.0,67.0
235.0,118.0,87.0,67.0
244.0,120.0,87.0,67.0
2
0
0
0
0
1
378.0,181.0,87.0,73.0
379.0,184.0,87.0,73.0
380.0,187.0,87.0,73.0
381.0,190.0,87.0,73.0
2
0
0
0
0
1
215.0,138.0,73.0,70.0
199.0,134.0,73.0,70.0
183.0,130.0,73.0,70.0
177.0,135.0,73.0,70.0
171.0,139.0,73.0,70.0
181.0,127.0,73.0,70.0
180.0,109.0,73.0,70.0
177.0,113.0,73.0,70.0
176.0,122.0,73.0,70.0
175.0,131.0,73.0,70.0
174.0,140.0,73.0,70.0
173.0,149.0,73.0,70.0
2
0
0
0
0
1
308.0,140.0,58.0,57.0
310.0,142.0,58.0,57.0
312.0,144.0,58.0,57.0
314.0,146.0,58.0,57.0
305.0,157.0,58.0,57.0
306.0,158.0,58.0,57.0
305.0,157.0,58.0,57.0
302.0,153.0,58.0,57.0
304.0,149.0,58.0,57.0
306.0,148.0,58.0,57.0
305.0,149.0,58.0,57.0
304.0,151.0,58.0,57.0
303.0,153.0,58.0,57.0
302.0,155.0,58.0,57.0
280.0,156.0,58.0,57.0
280.0,156.0,58.0,57.0
280.0,156.0,58.0,57.0
280.0,156.0,58.0,57.0
280.0,156.0,58.0,57.0
280.0,156.0,58.0,57.0
286.0,156.0,58.0,57.0
274.0,153.0,58.0,57.0
274.0,155.0,58.0,57.0
275.0,154.0,58.0,57.0
2
0
0
0
0
1
257.0,175.0,35.0,51.0
243.0,173.0,35.0,51.0
239.0,170.0,35.0,51.0
243.0,168.0,35.0,51.0
254.0,165.0,35.0,51.0
265.0,162.0,35.0,51.0
276.0,159.0,35.0,51.0
287.0,156.0,35.0,51.0
327.0,172.0,35.0,51.0
332.0,173.0,35.0,51.0
337.0,174.0,35.0,51.0
342.0,175.0,35.0,51.0
347.0,176.0,35.0,51.0
2
0
0
0
0
1
2
0
0
0
0
1
222.0,182.0,22.0,57.0
204.0,184.0,22.0,57.0
187.0,193.0,22.0,57.0
188.0,199.0,22.0,57.0
193.0,203.0,22.0,57.0
198.0,207.0,22.0,57.0
203.0,211.0,22.0,57.0
2
0
0
0
0
1
2
0
0
0
0
1
282.0,181.0,83.0,92.0
276.0,193.0,83.0,92.0
274.0,195.0,83.0,92.0
269.0,194.0,83.0,92.0
294.0,194.0,83.0,92.0
319.0,194.0,83.0,92.0
344.0,194.0,83.0,92.0
297.0,193.0,83.0,92.0
299.0,185.0,83.0,92.0
286.0,178.0,83.0,92.0
290.0,183.0,83.0,92.0
289.0,179.0,83.0,92.0
286.0,178.0,83.0,92.0
283.0,177.0,83.0,92.0
284.0,173.0,83.0,92.0
272.0,164.0,83.0,92.0
265.0,158.0,83.0,92.0
257.0,153.0,83.0,92.0
256.0,147.0,83.0,92.0
255.0,141.0,83.0,92.0
254.0,135.0,83.0,92.0
253.0,129.0,83.0,92.0
252.0,123.0,83.0,92.0
251.0,117.0,83.0,92.0
250.0,111.0,83.0,92.0
249.0,105.0,83.0,92.0
2
0
0
0
0
1
2
0
0
0
0
1
366.0,180.0,71.0,56.0
370.0,176.0,71.0,56.0
369.0,174.0,71.0,56.0
365.0,175.0,71.0,56.0
368.0,177.0,71.0,56.0
376.0,178.0,71.0,56.0
380.0,177.0,71.0,56.0
367.0,176.0,71.0,56.0
359.0,176.0,71.0,56.0
351.0,176.0,71.0,56.0
343.0,176.0,71.0,56.0
