1
34.0,60.0,69.0,84.0
38.0,66.0,69.0,84.0
43.0,72.0,69.0,84.0
50.0,76.0,69.0,84.0
50.0,76.0,69.0,84.0
50.0,76.0,69.0,84.0
57.0,80.0,69.0,84.0
57.0,80.0,69.0,84.0
57.0,80.0,69.0,84.0
104.0,87.0,69.0,84.0
104.0,87.0,69.0,84.0
104.0,87.0,69.0,84.0
125.0,81.0,69.0,84.0
125.0,81.0,69.0,84.0
125.0,81.0,69.0,84.0
141.0,70.0,69.0,84.0
141.0,70.0,69.0,84.0
141.0,70.0,69.0,84.0
171.0,63.0,69.0,84.0
171.0,63.0,69.0,84.0
171.0,63.0,69.0,84.0
222.0,63.0,69.0,84.0
222.0,63.0,69.0,84.0
222.0,63.0,69.0,84.0
268.0,63.0,69.0,84.0
268.0,63.0,69.0,84.0
268.0,63.0,69.0,84.0
290.0,59.0,69.0,84.0
290.0,59.0,69.0,84.0
290.0,59.0,69.0,84.0
273.0,59.0,69.0,84.0
273.0,59.0,69.0,84.0
273.0,59.0,69.0,84.0
228.0,54.0,69.0,84.0
228.0,54.0,69.0,84.0
228.0,54.0,69.0,84.0
179.0,64.0,69.0,84.0
179.0,64.0,69.0,84.0
179.0,64.0,69.0,84.0
130.0,74.0,69.0,84.0
130.0,74.0,69.0,84.0
130.0,74.0,69.0,84.0
122.0,61.0,69.0,84.0
122.0,61.0,69.0,84.0
122.0,61.0,69.0,84.0
2
0
0
0
0
1
121.0,93.0,72.0,81.0
134.0,92.0,72.0,81.0
152.0,91.0,72.0,81.0
173.0,89.0,72.0,81.0
173.0,89.0,72.0,81.0
173.0,89.0,72.0,81.0
173.0,89.0,72.0,81.0
194.0,87.0,72.0,81.0
194.0,87.0,72.0,81.0
2
0
0
0
0
1
303.0,63.0,72.0,87.0
300.0,63.0,72.0,87.0
297.0,63.0,72.0,87.0
294.0,63.0,72.0,87.0
294.0,63.0,72.0,87.0
294.0,63.0,72.0,87.0
2
0
0
0
0
1
60.0,74.0,88.0,91.0
39.0,71.0,88.0,91.0
18.0,72.0,88.0,91.0
1.0,75.0,88.0,91.0
1.0,75.0,88.0,91.0
1.0,75.0,88.0,91.0
-16.0,78.0,88.0,91.0
-16.0,78.0,88.0,91.0
-16.0,78.0,88.0,91.0
-33.0,81.0,88.0,91.0
-33.0,81.0,88.0,91.0
-33.0,81.0,88.0,91.0
-50.0,84.0,88.0,91.0
-50.0,84.0,88.0,91.0
-50.0,84.0,88.0,91.0
10.0,85.0,88.0,91.0
10.0,85.0,88.0,91.0
10.0,85.0,88.0,91.0
35.0,93.0,88.0,91.0
35.0,93.0,88.0,91.0
35.0,93.0,88.0,91.0
73.0,98.0,88.0,91.0
73.0,98.0,88.0,91.0
73.0,98.0,88.0,91.0
130.0,104.0,88.0,91.0
130.0,104.0,88.0,91.0
130.0,104.0,88.0,91.0
187.0,110.0,88.0,91.0
187.0,110.0,88.0,91.0
187.0,110.0,88.0,91.0
267.0,114.0,88.0,91.0
267.0,114.0,88.0,91.0
267.0,114.0,88.0,91.0
346.0,118.0,88.0,91.0
346.0,118.0,88.0,91.0
346.0,118.0,88.0,91.0
348.0,97.0,88.0,91.0
348.0,97.0,88.0,91.0
348.0,97.0,88.0,91.0
326.0,83.0,88.0,91.0
326.0,83.0,88.0,91.0
326.0,83.0,88.0,91.0
280.0,76.0,88.0,91.0
280.0,76.0,88.0,91.0
280.0,76.0,88.0,91.0
259.0,63.0,88.0,91.0
259.0,63.0,88.0,91.0
259.0,63.0,88.0,91.0
245.0,92.0,88.0,91.0
245.0,92.0,88.0,91.0
245.0,92.0,88.0,91.0
208.0,88.0,88.0,91.0
208.0,88.0,88.0,91.0
208.0,88.0,88.0,91.0
155.0,79.0,88.0,91.0
155.0,79.0,88.0,91.0
155.0,79.0,88.0,91.0
165.0,87.0,88.0,91.0
165.0,87.0,88.0,91.0
165.0,87.0,88.0,91.0
224.0,98.0,88.0,91.0
224.0,98.0,88.0,91.0
224.0,98.0,88.0,91.0
245.0,98.0,88.0,91.0
245.0,98.0,88.0,91.0
245.0,98.0,88.0,91.0
236.0,101.0,88.0,91.0
236.0,101.0,88.0,91.0
236.0,101.0,88.0,91.0
219.0,99.0,88.0,91.0
219.0,99.0,88.0,91.0
219.0,99.0,88.0,91.0
215.0,83.0,88.0,91.0
215.0,83.0,88.0,91.0
215.0,83.0,88.0,91.0
258.0,80.0,88.0,91.0
258.0,80.0,88.0,91.0
258.0,80.0,88.0,91.0
286.0,67.0,88.0,91.0
286.0,67.0,88.0,91.0
286.0,67.0,88.0,91.0
288.0,50.0,88.0,91.0
288.0,50.0,88.0,91.0
288.0,50.0,88.0,91.0
267.0,84.0,88.0,91.0
267.0,84.0,88.0,91.0
267.0,84.0,88.0,91.0
251.0,108.0,88.0,91.0
251.0,108.0,88.0,91.0
251.0,108.0,88.0,91.0
224.0,88.0,88.0,91.0
224.0,88.0,88.0,91.0
224.0,88.0,88.0,91.0
193.0,71.0,88.0,91.0
193.0,71.0,88.0,91.0
193.0,71.0,88.0,91.0
198.0,73.0,88.0,91.0
198.0,73.0,88.0,91.0
198.0,73.0,88.0,91.0
145.0,95.0,88.0,91.0
145.0,95.0,88.0,91.0
145.0,95.0,88.0,91.0
156.0,101.0,88.0,91.0
156.0,101.0,88.0,91.0
156.0,101.0,88.0,91.0
171.0,94.0,88.0,91.0
171.0,94.0,88.0,91.0
171.0,94.0,88.0,91.0
173.0,93.0,88.0,91.0
173.0,93.0,88.0,91.0
173.0,93.0,88.0,91.0
2
0
0
0
0
1
221.0,78.0,75.0,76.0
219.0,81.0,75.0,76.0
218.0,83.0,75.0,76.0
222.0,82.0,75.0,76.0
222.0,82.0,75.0,76.0
222.0,82.0,75.0,76.0
222.0,82.0,75.0,76.0
226.0,81.0,75.0,76.0
226.0,81.0,75.0,76.0
226.0,81.0,75.0,76.0
230.0,80.0,75.0,76.0
230.0,80.0,75.0,76.0
230.0,80.0,75.0,76.0
246.0,85.0,75.0,76.0
246.0,85.0,75.0,76.0
246.0,85.0,75.0,76.0
262.0,90.0,75.0,76.0
262.0,90.0,75.0,76.0
262.0,90.0,75.0,76.0
2
0
0
0
0
1
143.0,83.0,110.0,101.0
151.0,74.0,110.0,101.0
157.0,65.0,110.0,101.0
164.0,54.0,110.0,101.0
164.0,54.0,110.0,101.0
164.0,54.0,110.0,101.0
164.0,54.0,110.0,101.0
171.0,43.0,110.0,101.0
171.0,43.0,110.0,101.0
171.0,43.0,110.0,101.0
171.0,43.0,110.0,101.0
179.0,66.0,110.0,101.0
179.0,66.0,110.0,101.0
179.0,66.0,110.0,101.0
179.0,66.0,110.0,101.0
187.0,85.0,110.0,101.0
187.0,85.0,110.0,101.0
187.0,85.0,110.0,101.0
187.0,85.0,110.0,101.0
176.0,70.0,110.0,101.0
176.0,70.0,110.0,101.0
176.0,70.0,110.0,101.0
176.0,70.0,110.0,101.0
198.0,66.0,110.0,101.0
198.0,66.0,110.0,101.0
198.0,66.0,110.0,101.0
198.0,66.0,110.0,101.0
201.0,77.0,110.0,101.0
201.0,77.0,110.0,101.0
201.0,77.0,110.0,101.0
201.0,77.0,110.0,101.0
165.0,86.0,110.0,101.0
165.0,86.0,110.0,101.0
165.0,86.0,110.0,101.0
165.0,86.0,110.0,101.0
163.0,100.0,110.0,101.0
163.0,100.0,110.0,101.0
163.0,100.0,110.0,101.0
163.0,100.0,110.0,101.0
191.0,81.0,110.0,101.0
191.0,81.0,110.0,101.0
191.0,81.0,110.0,101.0
191.0,81.0,110.0,101.0
172.0,48.0,110.0,101.0
172.0,48.0,110.0,101.0
172.0,48.0,110.0,101.0
172.0,48.0,110.0,101.0
157.0,46.0,110.0,101.0
157.0,46.0,110.0,101.0
157.0,46.0,110.0,101.0
157.0,46.0,110.0,101.0
154.0,44.0,110.0,101.0
154.0,44.0,110.0,101.0
154.0,44.0,110.0,101.0
154.0,44.0,110.0,101.0
126.0,57.0,110.0,101.0
126.0,57.0,110.0,101.0
126.0,57.0,110.0,101.0
126.0,57.0,110.0,101.0
94.0,62.0,110.0,101.0
94.0,62.0,110.0,101.0
94.0,62.0,110.0,101.0
94.0,62.0,110.0,101.0
145.0,48.0,110.0,101.0
145.0,48.0,110.0,101.0
145.0,48.0,110.0,101.0
145.0,48.0,110.0,101.0
196.0,34.0,110.0,101.0
196.0,34.0,110.0,101.0
196.0,34.0,110.0,101.0
196.0,34.0,110.0,101.0
214.0,54.0,110.0,101.0
214.0,54.0,110.0,101.0
214.0,54.0,110.0,101.0
214.0,54.0,110.0,101.0
202.0,67.0,110.0,101.0
202.0,67.0,110.0,101.0
202.0,67.0,110.0,101.0
202.0,67.0,110.0,101.0
160.0,69.0,110.0,101.0
160.0,69.0,110.0,101.0
160.0,69.0,110.0,101.0
160.0,69.0,110.0,101.0
159.0,70.0,110.0,101.0
159.0,70.0,110.0,101.0
159.0,70.0,110.0,101.0
159.0,70.0,110.0,101.0
159.0,70.0,110.0,101.0
159.0,70.0,110.0,101.0
159.0,70.0,110.0,101.0
159.0,70.0,110.0,101.0
158.0,70.0,110.0,101.0
158.0,70.0,110.0,101.0
158.0,70.0,110.0,101.0
158.0,70.0,110.0,101.0
102.0,55.0,110.0,101.0
102.0,55.0,110.0,101.0
102.0,55.0,110.0,101.0
2
0
0
0
0
1
187.0,87.0,85.0,85.0
172.0,103.0,85.0,85.0
166.0,113.0,85.0,85.0
172.0,116.0,85.0,85.0
172.0,116.0,85.0,85.0
172.0,116.0,85.0,85.0
215.0,91.0,85.0,85.0
215.0,91.0,85.0,85.0
215.0,91.0,85.0,85.0
207.0,82.0,85.0,85.0
207.0,82.0,85.0,85.0
207.0,82.0,85.0,85.0
199.0,73.0,85.0,85.0
199.0,73.0,85.0,85.0
199.0,73.0,85.0,85.0
191.0,64.0,85.0,85.0
2
0
0
0
0
1
210.0,77.0,73.0,86.0
174.0,81.0,73.0,86.0
142.0,89.0,73.0,86.0
122.0,96.0,73.0,86.0
122.0,96.0,73.0,86.0
122.0,96.0,73.0,86.0
105.0,60.0,73.0,86.0
2
0
0
0
0
1
128.0,91.0,70.0,83.0
121.0,96.0,70.0,83.0
128.0,98.0,70.0,83.0
145.0,94.0,70.0,83.0
145.0,94.0,70.0,83.0
