1
166.0,67.0,88.0,64.0
2
0
0
0
0
1
2
0
0
0
0
1
2
0
0
0
0
1
354.0,132.0,93.55000305175781,103.5199966430664
2
0
0
0
0
1
2
0
0
0
0
1
2
0
0
0
0
1
174.0,120.0,61.09000015258789,65.22000122070312
174.0,103.0,61.09000015258789,65.22000122070312
171.0,105.0,61.09000015258789,65.22000122070312
169.0,113.0,61.09000015258789,65.22000122070312
169.0,121.0,61.09000015258789,65.22000122070312
174.0,120.0,61.09000015258789,65.22000122070312
184.0,122.0,61.09000015258789,65.22000122070312
195.0,126.0,61.09000015258789,65.22000122070312
2
0
0
0
0
1
320.0,137.0,57.09000015258789,55.75
309.0,149.0,57.09000015258789,55.75
309.0,154.0,57.09000015258789,55.75
316.0,153.0,57.09000015258789,55.75
318.0,155.0,57.09000015258789,55.75
316.0,153.0,57.09000015258789,55.75
313.0,149.0,57.09000015258789,55.75
314.0,145.0,57.09000015258789,55.75
315.0,146.0,57.09000015258789,55.75
314.0,147.0,57.09000015258789,55.75
312.0,149.0,57.09000015258789,55.75
2
0
0
0
0
1
328.0,170.0,37.2400016784668,53.689998626708984
320.0,152.0,37.2400016784668,53.689998626708984
2
0
0
0
0
1
2
0
0
0
0
1
230.0,163.0,45.970001220703125,59.81999969482422
234.0,161.0,45.970001220703125,59.81999969482422
2
0
0
0
0
1
2
0
0
0
0
1
2
0
0
0
0
1
284.0,178.0,36.68000030517578,65.73999786376953
2
0
0
0
0
1
2
0
0
0
0
1
2
0
0
0
0
1
2
0
0
0
0
1
277.0,197.0,102.19999694824219,73.0199966430664
303.0,191.0,102.19999694824219,73.0199966430664
2
0
0
0
0
1
302.0,184.0,71.12000274658203,83.3499984741211
299.0,182.0,71.12000274658203,83.3499984741211
294.0,181.0,71.12000274658203,83.3499984741211
290.0,176.0,71.12000274658203,83.3499984741211
276.0,167.0,71.12000274658203,83.3499984741211
270.0,161.0,71.12000274658203,83.3499984741211
260.0,156.0,71.12000274658203,83.3499984741211
258.0,150.0,71.12000274658203,83.3499984741211
2
0
0
0
0
1
2
0
0
0
0
1
2
0
0
0
0
1
382.0,174.0,71.94999694824219,61.220001220703125
376.0,169.0,71.94999694824219,61.220001220703125
381.0,165.0,71.94999694824219,61.220001220703125
382.0,161.0,71.94999694824219,61.220001220703125
378.0,161.0,71.94999694824219,61.220001220703125
380.0,163.0,71.94999694824219,61.220001220703125
389.0,163.0,71.94999694824219,61.220001220703125
396.0,161.0,71.94999694824219,61.220001220703125
396.0,163.0,71.94999694824219,61.220001220703125
394.0,169.0,71.94999694824219,61.220001220703125
410.0,180.0,71.94999694824219,61.220001220703125
420.0,189.0,71.94999694824219,61.220001220703125
