1
34.0,60.0,69.0,84.0
38.0,66.0,69.0,84.0
43.0,72.0,69.0,84.0
50.0,76.0,69.0,84.0
50.0,76.0,69.0,84.0
50.0,76.0,69.0,84.0
50.0,76.0,69.0,84.0
50.0,76.0,69.0,84.0
50.0,76.0,69.0,84.0
50.0,76.0,69.0,84.0
2
0
0
0
0
1
150.0,82.0,65.0,79.0
159.0,79.0,65.0,79.0
173.0,78.0,65.0,79.0
189.0,78.0,65.0,79.0
189.0,78.0,65.0,79.0
189.0,78.0,65.0,79.0
189.0,78.0,65.0,79.0
189.0,78.0,65.0,79.0
2
0
0
0
0
1
275.0,72.0,64.0,80.0
260.0,71.0,64.0,80.0
246.0,69.0,64.0,80.0
230.0,67.0,64.0,80.0
230.0,67.0,64.0,80.0
230.0,67.0,64.0,80.0
230.0,67.0,64.0,80.0
230.0,67.0,64.0,80.0
230.0,67.0,64.0,80.0
2
0
0
0
0
1
122.0,93.0,65.0,81.0
119.0,92.0,65.0,81.0
116.0,91.0,65.0,81.0
113.0,90.0,65.0,81.0
113.0,90.0,65.0,81.0
113.0,90.0,65.0,81.0
113.0,90.0,65.0,81.0
113.0,90.0,65.0,81.0
113.0,90.0,65.0,81.0
113.0,90.0,65.0,81.0
2
0
0
0
0
1
284.0,77.0,63.0,81.0
294.0,73.0,63.0,81.0
302.0,69.0,63.0,81.0
306.0,66.0,63.0,81.0
306.0,66.0,63.0,81.0
306.0,66.0,63.0,81.0
306.0,66.0,63.0,81.0
306.0,66.0,63.0,81.0
306.0,66.0,63.0,81.0
306.0,66.0,63.0,81.0
2
0
0
0
0
1
82.0,79.0,85.0,87.0
62.0,74.0,85.0,87.0
41.0,71.0,85.0,87.0
20.0,71.0,85.0,87.0
20.0,71.0,85.0,87.0
20.0,71.0,85.0,87.0
20.0,71.0,85.0,87.0
20.0,71.0,85.0,87.0
20.0,71.0,85.0,87.0
20.0,71.0,85.0,87.0
20.0,71.0,85.0,87.0
20.0,71.0,85.0,87.0
20.0,71.0,85.0,87.0
20.0,71.0,85.0,87.0
20.0,71.0,85.0,87.0
4.0,81.0,85.0,87.0
4.0,81.0,85.0,87.0
4.0,81.0,85.0,87.0
28.0,91.0,85.0,87.0
28.0,91.0,85.0,87.0
28.0,91.0,85.0,87.0
61.0,96.0,85.0,87.0
61.0,96.0,85.0,87.0
61.0,96.0,85.0,87.0
113.0,102.0,85.0,87.0
113.0,102.0,85.0,87.0
113.0,102.0,85.0,87.0
173.0,107.0,85.0,87.0
173.0,107.0,85.0,87.0
173.0,107.0,85.0,87.0
245.0,113.0,85.0,87.0
245.0,113.0,85.0,87.0
245.0,113.0,85.0,87.0
311.0,111.0,85.0,87.0
311.0,111.0,85.0,87.0
311.0,111.0,85.0,87.0
345.0,101.0,85.0,87.0
345.0,101.0,85.0,87.0
345.0,101.0,85.0,87.0
338.0,88.0,85.0,87.0
338.0,88.0,85.0,87.0
338.0,88.0,85.0,87.0
298.0,77.0,85.0,87.0
298.0,77.0,85.0,87.0
298.0,77.0,85.0,87.0
262.0,65.0,85.0,87.0
262.0,65.0,85.0,87.0
262.0,65.0,85.0,87.0
248.0,75.0,85.0,87.0
248.0,75.0,85.0,87.0
248.0,75.0,85.0,87.0
227.0,84.0,85.0,87.0
227.0,84.0,85.0,87.0
227.0,84.0,85.0,87.0
172.0,79.0,85.0,87.0
172.0,79.0,85.0,87.0
172.0,79.0,85.0,87.0
153.0,83.0,85.0,87.0
153.0,83.0,85.0,87.0
153.0,83.0,85.0,87.0
172.0,82.0,85.0,87.0
172.0,82.0,85.0,87.0
172.0,82.0,85.0,87.0
172.0,82.0,85.0,87.0
172.0,82.0,85.0,87.0
172.0,82.0,85.0,87.0
171.0,83.0,85.0,87.0
171.0,83.0,85.0,87.0
171.0,83.0,85.0,87.0
2
0
0
0
0
1
267.0,87.0,59.0,79.0
284.0,87.0,59.0,79.0
298.0,85.0,59.0,79.0
307.0,80.0,59.0,79.0
307.0,80.0,59.0,79.0
307.0,80.0,59.0,79.0
307.0,80.0,59.0,79.0
315.0,53.0,59.0,79.0
315.0,53.0,59.0,79.0
315.0,53.0,59.0,79.0
315.0,53.0,59.0,79.0
315.0,53.0,59.0,79.0
315.0,53.0,59.0,79.0
315.0,53.0,59.0,79.0
315.0,53.0,59.0,79.0
260.0,100.0,59.0,79.0
260.0,100.0,59.0,79.0
260.0,100.0,59.0,79.0
260.0,100.0,59.0,79.0
218.0,75.0,59.0,79.0
218.0,75.0,59.0,79.0
218.0,75.0,59.0,79.0
218.0,75.0,59.0,79.0
205.0,78.0,59.0,79.0
205.0,78.0,59.0,79.0
205.0,78.0,59.0,79.0
205.0,78.0,59.0,79.0
178.0,98.0,59.0,79.0
178.0,98.0,59.0,79.0
178.0,98.0,59.0,79.0
178.0,98.0,59.0,79.0
191.0,96.0,59.0,79.0
191.0,96.0,59.0,79.0
191.0,96.0,59.0,79.0
191.0,96.0,59.0,79.0
222.0,83.0,59.0,79.0
222.0,83.0,59.0,79.0
222.0,83.0,59.0,79.0
222.0,83.0,59.0,79.0
227.0,68.0,59.0,79.0
227.0,68.0,59.0,79.0
227.0,68.0,59.0,79.0
227.0,68.0,59.0,79.0
232.0,79.0,59.0,79.0
232.0,79.0,59.0,79.0
232.0,79.0,59.0,79.0
232.0,79.0,59.0,79.0
238.0,81.0,59.0,79.0
238.0,81.0,59.0,79.0
238.0,81.0,59.0,79.0
238.0,81.0,59.0,79.0
2
0
0
0
0
1
248.0,83.0,80.0,99.0
247.0,84.0,80.0,99.0
247.0,84.0,80.0,99.0
247.0,84.0,80.0,99.0
247.0,84.0,80.0,99.0
247.0,84.0,80.0,99.0
2
0
0
0
0
1
149.0,76.0,109.0,99.0
154.0,66.0,109.0,99.0
160.0,55.0,109.0,99.0
177.0,47.0,109.0,99.0
177.0,47.0,109.0,99.0
177.0,47.0,109.0,99.0
206.0,43.0,109.0,99.0
206.0,43.0,109.0,99.0
206.0,43.0,109.0,99.0
206.0,43.0,109.0,99.0
179.0,67.0,109.0,99.0
179.0,67.0,109.0,99.0
179.0,67.0,109.0,99.0
142.0,88.0,109.0,99.0
142.0,88.0,109.0,99.0
142.0,88.0,109.0,99.0
145.0,87.0,109.0,99.0
145.0,87.0,109.0,99.0
145.0,87.0,109.0,99.0
147.0,83.0,109.0,99.0
147.0,83.0,109.0,99.0
147.0,83.0,109.0,99.0
148.0,82.0,109.0,99.0
148.0,82.0,109.0,99.0
148.0,82.0,109.0,99.0
148.0,82.0,109.0,99.0
147.0,82.0,109.0,99.0
147.0,82.0,109.0,99.0
147.0,82.0,109.0,99.0
147.0,82.0,109.0,99.0
147.0,82.0,109.0,99.0
147.0,82.0,109.0,99.0
145.0,84.0,109.0,99.0
145.0,84.0,109.0,99.0
145.0,84.0,109.0,99.0
145.0,85.0,109.0,99.0
145.0,85.0,109.0,99.0
145.0,85.0,109.0,99.0
145.0,85.0,109.0,99.0
145.0,85.0,109.0,99.0
145.0,85.0,109.0,99.0
146.0,63.0,109.0,99.0
146.0,63.0,109.0,99.0
146.0,63.0,109.0,99.0
141.0,48.0,109.0,99.0
141.0,48.0,109.0,99.0
141.0,48.0,109.0,99.0
143.0,47.0,109.0,99.0
143.0,47.0,109.0,99.0
143.0,47.0,109.0,99.0
142.0,45.0,109.0,99.0
142.0,45.0,109.0,99.0
142.0,45.0,109.0,99.0
139.0,44.0,109.0,99.0
139.0,44.0,109.0,99.0
139.0,44.0,109.0,99.0
109.0,56.0,109.0,99.0
109.0,56.0,109.0,99.0
109.0,56.0,109.0,99.0
104.0,49.0,109.0,99.0
104.0,49.0,109.0,99.0
104.0,49.0,109.0,99.0
104.0,49.0,109.0,99.0
104.0,49.0,109.0,99.0
2
0
0
0
0
1
249.0,77.0,87.0,102.0
244.0,76.0,87.0,102.0
241.0,75.0,87.0,102.0
239.0,76.0,87.0,102.0
239.0,76.0,87.0,102.0
239.0,76.0,87.0,102.0
239.0,76.0,87.0,102.0
239.0,76.0,87.0,102.0
239.0,76.0,87.0,102.0
239.0,76.0,87.0,102.0
239.0,76.0,87.0,102.0
239.0,76.0,87.0,102.0
226.0,97.0,87.0,102.0
226.0,97.0,87.0,102.0
226.0,97.0,87.0,102.0
226.0,98.0,87.0,102.0
226.0,98.0,87.0,102.0
226.0,98.0,87.0,102.0
220.0,96.0,87.0,102.0
220.0,96.0,87.0,102.0
220.0,96.0,87.0,102.0
220.0,96.0,87.0,102.0
220.0,96.0,87.0,102.0
220.0,96.0,87.0,102.0
220.0,96.0,87.0,102.0
220.0,96.0,87.0,102.0
199.0,73.0,87.0,102.0
199.0,73.0,87.0,102.0
199.0,73.0,87.0,102.0
2
0
0
0
0
1
161.0,103.0,82.0,89.0
167.0,105.0,82.0,89.0
182.0,99.0,82.0,89.0
197.0,89.0,82.0,89.0
197.0,89.0,82.0,89.0
197.0,89.0,82.0,89.0
170.0,89.0,82.0,89.0
170.0,89.0,82.0,89.0
170.0,89.0,82.0,89.0
170.0,90.0,82.0,89.0
170.0,90.0,82.0,89.0
170.0,90.0,82.0,89.0
169.0,91.0,82.0,89.0
2
0
0
0
0
1
245.0,77.0,73.0,84.0
212.0,79.0,73.0,84.0
178.0,82.0,73.0,84.0
154.0,89.0,73.0,84.0
154.0,89.0,73.0,84.0
154.0,89.0,73.0,84.0
147.0,110.0,73.0,84.0
147.0,110.0,73.0,84.0
2
0
0
0
0
1
128.0,91.0,70.0,83.0
121.0,96.0,70.0,83.0
128.0,98.0,70.0,83.0
145.0,94.0,70.0,83.0
145.0,94.0,70.0,83.0
