1
497.0,403.0,40.0,42.0
499.0,390.0,40.0,42.0
499.0,380.0,40.0,42.0
499.0,373.0,40.0,42.0
500.0,369.0,40.0,42.0
500.0,368.0,40.0,42.0
501.0,370.0,40.0,42.0
502.0,375.0,40.0,42.0
503.0,383.0,40.0,42.0
504.0,394.0,40.0,42.0
507.0,409.0,40.0,42.0
510.0,424.0,40.0,42.0
513.0,421.0,40.0,42.0
515.0,418.0,40.0,42.0
508.0,374.0,40.0,42.0
509.0,354.0,40.0,42.0
509.0,338.0,40.0,42.0
509.0,322.0,40.0,42.0
510.0,312.0,40.0,42.0
510.0,302.0,40.0,42.0
511.0,298.0,40.0,42.0
511.0,297.0,40.0,42.0
512.0,298.0,40.0,42.0
513.0,303.0,40.0,42.0
514.0,311.0,40.0,42.0
513.0,322.0,40.0,42.0
514.0,339.0,40.0,42.0
515.0,358.0,40.0,42.0
514.0,377.0,40.0,42.0
517.0,401.0,40.0,42.0
518.0,428.0,40.0,42.0
520.0,432.0,40.0,42.0
523.0,409.0,40.0,42.0
526.0,386.0,40.0,42.0
529.0,363.0,40.0,42.0
532.0,340.0,40.0,42.0
535.0,317.0,40.0,42.0
2
0
0
0
0
1
538.0,340.0,58.0,56.0
540.0,353.0,58.0,56.0
547.0,369.0,58.0,56.0
554.0,385.0,58.0,56.0
548.0,369.0,58.0,56.0
530.0,343.0,58.0,56.0
525.0,319.0,58.0,56.0
523.0,298.0,58.0,56.0
521.0,277.0,58.0,56.0
519.0,256.0,58.0,56.0
2
0
0
0
0
1
463.0,239.0,60.0,60.0
456.0,249.0,60.0,60.0
449.0,264.0,60.0,60.0
440.0,284.0,60.0,60.0
435.0,305.0,60.0,60.0
416.0,332.0,60.0,60.0
397.0,359.0,60.0,60.0
378.0,386.0,60.0,60.0
359.0,413.0,60.0,60.0
2
0
0
0
0
1
396.0,348.0,45.0,43.0
394.0,357.0,45.0,43.0
391.0,367.0,45.0,43.0
388.0,377.0,45.0,43.0
385.0,387.0,45.0,43.0
382.0,397.0,45.0,43.0
379.0,407.0,45.0,43.0
2
0
0
0
0
1
388.0,377.0,43.0,39.0
388.0,372.0,43.0,39.0
389.0,370.0,43.0,39.0
389.0,371.0,43.0,39.0
389.0,372.0,43.0,39.0
394.0,383.0,43.0,39.0
395.0,394.0,43.0,39.0
396.0,405.0,43.0,39.0
397.0,416.0,43.0,39.0
398.0,427.0,43.0,39.0
402.0,460.0,43.0,39.0
407.0,437.0,43.0,39.0
413.0,414.0,43.0,39.0
419.0,393.0,43.0,39.0
425.0,376.0,43.0,39.0
432.0,362.0,43.0,39.0
438.0,350.0,43.0,39.0
