1
166.0,66.0,88.0,64.0
166.0,66.0,88.0,64.0
166.0,66.0,88.0,64.0
2
0
0
0
0
1
121.0,116.0,87.0,67.0
155.0,97.0,87.0,67.0
184.0,98.0,87.0,67.0
204.0,104.0,87.0,67.0
217.0,114.0,87.0,67.0
226.0,116.0,87.0,67.0
226.0,116.0,87.0,67.0
226.0,116.0,87.0,67.0
2
0
0
0
0
1
378.0,181.0,87.0,73.0
378.0,181.0,87.0,73.0
378.0,181.0,87.0,73.0
378.0,181.0,87.0,73.0
2
0
0
0
0
1
215.0,138.0,73.0,70.0
199.0,134.0,73.0,70.0
199.0,134.0,73.0,70.0
177.0,135.0,73.0,70.0
177.0,135.0,73.0,70.0
181.0,127.0,73.0,70.0
180.0,109.0,73.0,70.0
177.0,113.0,73.0,70.0
176.0,122.0,73.0,70.0
176.0,122.0,73.0,70.0
176.0,122.0,73.0,70.0
2
0
0
0
0
1
302.0,139.0,62.0,59.0
303.0,138.0,62.0,59.0
304.0,140.0,62.0,59.0
304.0,140.0,62.0,59.0
304.0,140.0,62.0,59.0
299.0,155.0,62.0,59.0
300.0,157.0,62.0,59.0
299.0,156.0,62.0,59.0
297.0,154.0,62.0,59.0
299.0,151.0,62.0,59.0
301.0,150.0,62.0,59.0
300.0,151.0,62.0,59.0
299.0,153.0,62.0,59.0
299.0,153.0,62.0,59.0
299.0,153.0,62.0,59.0
299.0,153.0,62.0,59.0
275.0,159.0,62.0,59.0
275.0,159.0,62.0,59.0
275.0,159.0,62.0,59.0
275.0,159.0,62.0,59.0
275.0,159.0,62.0,59.0
281.0,159.0,62.0,59.0
270.0,156.0,62.0,59.0
271.0,159.0,62.0,59.0
272.0,158.0,62.0,59.0
2
0
0
0
0
1
257.0,175.0,35.0,51.0
243.0,173.0,35.0,51.0
239.0,170.0,35.0,51.0
243.0,168.0,35.0,51.0
254.0,165.0,35.0,51.0
254.0,165.0,35.0,51.0
254.0,165.0,35.0,51.0
2
0
0
0
0
1
350.0,153.0,57.0,51.0
360.0,172.0,57.0,51.0
360.0,172.0,57.0,51.0
360.0,172.0,57.0,51.0
2
0
0
0
0
1
260.0,187.0,33.0,59.0
260.0,187.0,33.0,59.0
2
0
0
0
0
1
196.0,212.0,53.0,65.0
221.0,214.0,53.0,65.0
221.0,214.0,53.0,65.0
2
0
0
0
0
1
341.0,206.0,36.0,88.0
341.0,206.0,36.0,88.0
341.0,206.0,36.0,88.0
2
0
0
0
0
1
2
0
0
0
0
1
302.0,185.0,71.0,83.0
300.0,184.0,71.0,83.0
295.0,183.0,71.0,83.0
292.0,178.0,71.0,83.0
292.0,178.0,71.0,83.0
272.0,163.0,71.0,83.0
268.0,159.0,71.0,83.0
265.0,153.0,71.0,83.0
265.0,153.0,71.0,83.0
265.0,153.0,71.0,83.0
265.0,153.0,71.0,83.0
265.0,153.0,71.0,83.0
265.0,153.0,71.0,83.0
265.0,153.0,71.0,83.0
265.0,153.0,71.0,83.0
265.0,153.0,71.0,83.0
265.0,153.0,71.0,83.0
2
0
0
0
0
1
376.0,132.0,62.0,70.0
382.0,136.0,62.0,70.0
387.0,144.0,62.0,70.0
394.0,157.0,62.0,70.0
389.0,153.0,62.0,70.0
394.0,149.0,62.0,70.0
395.0,145.0,62.0,70.0
391.0,145.0,62.0,70.0
393.0,147.0,62.0,70.0
401.0,146.0,62.0,70.0
410.0,145.0,62.0,70.0
411.0,148.0,62.0,70.0
412.0,154.0,62.0,70.0
412.0,154.0,62.0,70.0
412.0,154.0,62.0,70.0
