1
497.0,403.0,40.0,42.0
499.0,390.0,40.0,42.0
499.0,380.0,40.0,42.0
499.0,373.0,40.0,42.0
499.0,373.0,40.0,42.0
499.0,373.0,40.0,42.0
499.0,373.0,40.0,42.0
499.0,373.0,40.0,42.0
499.0,373.0,40.0,42.0
499.0,373.0,40.0,42.0
499.0,373.0,40.0,42.0
2
0
0
0
0
1
506.0,325.0,47.0,46.0
504.0,310.0,47.0,47.0
502.0,295.0,47.0,47.0
493.0,292.0,47.0,47.0
493.0,292.0,47.0,47.0
493.0,292.0,47.0,47.0
493.0,292.0,47.0,47.0
493.0,292.0,47.0,47.0
493.0,292.0,47.0,47.0
2
0
0
0
0
1
518.0,409.0,44.0,43.0
520.0,388.0,44.0,43.0
522.0,367.0,44.0,43.0
524.0,346.0,44.0,43.0
524.0,346.0,44.0,43.0
524.0,346.0,44.0,43.0
524.0,346.0,44.0,43.0
524.0,346.0,44.0,43.0
524.0,346.0,44.0,43.0
524.0,346.0,44.0,43.0
524.0,346.0,44.0,43.0
524.0,346.0,44.0,43.0
524.0,346.0,44.0,43.0
524.0,346.0,44.0,43.0
2
0
0
0
0
1
2
0
0
0
0
1
469.0,233.0,60.0,60.0
463.0,239.0,60.0,60.0
456.0,249.0,60.0,60.0
449.0,264.0,60.0,60.0
449.0,264.0,60.0,60.0
449.0,264.0,60.0,60.0
2
0
0
0
0
1
399.0,344.0,52.0,52.0
397.0,339.0,52.0,52.0
396.0,338.0,52.0,52.0
395.0,337.0,52.0,52.0
395.0,337.0,52.0,52.0
395.0,337.0,52.0,52.0
395.0,337.0,52.0,52.0
395.0,337.0,52.0,52.0
395.0,337.0,52.0,52.0
2
0
0
0
0
1
390.0,395.0,38.0,43.0
390.0,384.0,38.0,43.0
391.0,376.0,38.0,43.0
391.0,371.0,38.0,43.0
391.0,371.0,38.0,43.0
391.0,371.0,38.0,43.0
391.0,371.0,38.0,43.0
391.0,371.0,38.0,43.0
391.0,371.0,38.0,43.0
391.0,371.0,38.0,43.0
2
0
0
0
0
1
423.0,375.0,47.0,43.0
429.0,361.0,47.0,43.0
435.0,349.0,47.0,43.0
