1
497.0,402.0,40.0,42.0
499.0,388.0,40.0,42.0
498.0,379.0,40.0,42.0
499.0,372.0,40.0,42.0
500.0,368.0,40.0,42.0
501.0,367.0,40.0,42.0
502.0,368.0,40.0,42.0
503.0,373.0,40.0,42.0
505.0,381.0,40.0,42.0
505.0,391.0,40.0,42.0
2
0
0
0
0
1
2
0
0
0
0
1
513.0,300.0,40.09000015258789,39.7400016784668
514.0,304.0,40.09000015258789,39.7400016784668
515.0,311.0,40.09000015258789,39.7400016784668
515.0,321.0,40.09000015258789,39.7400016784668
514.0,337.0,40.09000015258789,39.7400016784668
516.0,357.0,40.09000015258789,39.7400016784668
514.0,377.0,40.09000015258789,39.7400016784668
516.0,401.0,40.09000015258789,39.7400016784668
516.0,426.0,40.09000015258789,39.7400016784668
2
0
0
0
0
1
531.0,336.0,41.91999816894531,43.91999816894531
533.0,330.0,41.91999816894531,43.91999816894531
536.0,327.0,41.91999816894531,43.91999816894531
539.0,327.0,41.91999816894531,43.91999816894531
542.0,331.0,41.91999816894531,43.91999816894531
546.0,339.0,41.91999816894531,43.91999816894531
545.0,346.0,41.91999816894531,43.91999816894531
545.0,359.0,41.91999816894531,43.91999816894531
2
0
0
0
0
1
2
0
0
0
0
1
481.0,238.0,42.959999084472656,43.08000183105469
473.0,240.0,42.959999084472656,43.08000183105469
464.0,244.0,42.959999084472656,43.08000183105469
458.0,253.0,42.959999084472656,43.08000183105469
2
0
0
0
0
1
2
0
0
0
0
1
394.0,331.0,58.18000030517578,58.619998931884766
394.0,331.0,58.18000030517578,58.619998931884766
394.0,331.0,58.18000030517578,58.619998931884766
394.0,333.0,58.18000030517578,58.619998931884766
394.0,342.0,58.18000030517578,58.619998931884766
392.0,356.0,58.18000030517578,58.619998931884766
2
0
0
0
0
1
390.0,395.0,38.869998931884766,43.65999984741211
389.0,383.0,38.869998931884766,43.65999984741211
389.0,375.0,38.869998931884766,43.65999984741211
389.0,370.0,38.869998931884766,43.65999984741211
390.0,369.0,38.869998931884766,43.65999984741211
391.0,370.0,38.869998931884766,43.65999984741211
2
0
0
0
0
1
392.0,451.0,59.88999938964844,59.68000030517578
397.0,428.0,59.88999938964844,59.68000030517578
402.0,406.0,59.88999938964844,59.68000030517578
407.0,387.0,59.88999938964844,59.68000030517578
413.0,371.0,59.88999938964844,59.68000030517578
419.0,357.0,59.88999938964844,59.68000030517578
424.0,346.0,59.88999938964844,59.68000030517578
