1
329.0,113.0,81.0,15.0
319.0,114.0,81.0,15.0
311.0,115.0,81.0,15.0
312.0,116.0,81.0,15.0
312.0,116.0,81.0,15.0
312.0,116.0,81.0,15.0
312.0,116.0,81.0,15.0
312.0,116.0,81.0,15.0
312.0,116.0,81.0,15.0
312.0,116.0,81.0,15.0
312.0,116.0,81.0,15.0
2
0
0
0
0
1
276.0,17.0,26.0,86.0
277.0,15.0,26.0,86.0
278.0,16.0,26.0,86.0
279.0,17.0,26.0,86.0
279.0,17.0,26.0,86.0
279.0,17.0,26.0,86.0
279.0,17.0,26.0,86.0
279.0,17.0,26.0,86.0
279.0,17.0,26.0,86.0
279.0,17.0,26.0,86.0
279.0,17.0,26.0,86.0
279.0,17.0,26.0,86.0
279.0,17.0,26.0,86.0
279.0,17.0,26.0,86.0
279.0,17.0,26.0,86.0
279.0,17.0,26.0,86.0
279.0,17.0,26.0,86.0
279.0,17.0,26.0,86.0
279.0,17.0,26.0,86.0
279.0,17.0,26.0,86.0
279.0,17.0,26.0,86.0
279.0,17.0,26.0,86.0
279.0,17.0,26.0,86.0
279.0,17.0,26.0,86.0
279.0,17.0,26.0,86.0
279.0,17.0,26.0,86.0
279.0,17.0,26.0,86.0
279.0,17.0,26.0,86.0
279.0,17.0,26.0,86.0
279.0,17.0,26.0,86.0
279.0,17.0,26.0,86.0
279.0,17.0,26.0,86.0
279.0,17.0,26.0,86.0
279.0,17.0,26.0,86.0
279.0,17.0,26.0,86.0
279.0,17.0,26.0,86.0
2
0
0
0
0
1
218.0,117.0,43.0,66.0
220.0,113.0,43.0,66.0
221.0,111.0,43.0,66.0
221.0,111.0,43.0,66.0
221.0,111.0,43.0,66.0
221.0,111.0,43.0,66.0
221.0,111.0,43.0,66.0
221.0,111.0,43.0,66.0
221.0,111.0,43.0,66.0
221.0,111.0,43.0,66.0
221.0,111.0,43.0,66.0
2
0
0
0
0
1
228.0,217.0,30.0,88.0
228.0,217.0,30.0,88.0
226.0,211.0,30.0,88.0
223.0,205.0,30.0,88.0
223.0,205.0,30.0,88.0
223.0,205.0,30.0,88.0
223.0,205.0,30.0,88.0
223.0,205.0,30.0,88.0
223.0,205.0,30.0,88.0
2
0
0
0
0
1
262.0,299.0,28.0,85.0
263.0,302.0,28.0,85.0
263.0,302.0,28.0,85.0
263.0,302.0,28.0,85.0
263.0,302.0,28.0,85.0
263.0,302.0,28.0,85.0
263.0,302.0,28.0,85.0
263.0,302.0,28.0,85.0
263.0,302.0,28.0,85.0
263.0,302.0,28.0,85.0
263.0,302.0,28.0,85.0
263.0,302.0,28.0,85.0
263.0,302.0,28.0,85.0
2
0
0
0
0
1
239.0,406.0,32.0,84.0
239.0,407.0,32.0,84.0
238.0,410.0,32.0,84.0
237.0,413.0,32.0,84.0
237.0,413.0,32.0,84.0
237.0,413.0,32.0,84.0
237.0,413.0,32.0,84.0
237.0,413.0,32.0,84.0
237.0,413.0,32.0,84.0
237.0,413.0,32.0,84.0
237.0,413.0,32.0,84.0
237.0,413.0,32.0,84.0
237.0,413.0,32.0,84.0
237.0,413.0,32.0,84.0
237.0,413.0,32.0,84.0
237.0,413.0,32.0,84.0
2
0
0
0
0
1
257.0,521.0,27.0,87.0
256.0,525.0,27.0,87.0
255.0,529.0,27.0,87.0
254.0,533.0,27.0,87.0
254.0,533.0,27.0,87.0
254.0,533.0,27.0,87.0
254.0,533.0,27.0,87.0
254.0,533.0,27.0,87.0
254.0,533.0,27.0,87.0
254.0,533.0,27.0,87.0
2
0
0
0
0
1
351.0,522.0,78.0,53.0
364.0,513.0,78.0,53.0
375.0,505.0,78.0,53.0
386.0,497.0,78.0,53.0
386.0,497.0,78.0,53.0
386.0,497.0,78.0,53.0
386.0,497.0,78.0,53.0
386.0,497.0,78.0,53.0
386.0,497.0,78.0,53.0
386.0,497.0,78.0,53.0
2
0
0
0
0
1
476.0,534.0,36.0,66.0
474.0,538.0,36.0,66.0
472.0,543.0,36.0,66.0
471.0,545.0,36.0,66.0
471.0,545.0,36.0,66.0
471.0,545.0,36.0,66.0
471.0,545.0,36.0,66.0
471.0,545.0,36.0,66.0
471.0,545.0,36.0,66.0
471.0,545.0,36.0,66.0
471.0,545.0,36.0,66.0
471.0,545.0,36.0,66.0
2
0
0
0
0
1
2
0
0
0
0
1
605.0,513.0,75.0,66.0
620.0,524.0,75.0,66.0
634.0,535.0,75.0,66.0
647.0,545.0,75.0,66.0
647.0,545.0,75.0,66.0
647.0,545.0,75.0,66.0
647.0,545.0,75.0,66.0
647.0,545.0,75.0,66.0
647.0,545.0,75.0,66.0
647.0,545.0,75.0,66.0
647.0,545.0,75.0,66.0
2
0
0
0
0
1
761.0,624.0,78.0,52.0
767.0,620.0,78.0,52.0
772.0,616.0,78.0,52.0
778.0,612.0,78.0,52.0
778.0,612.0,78.0,52.0
778.0,612.0,78.0,52.0
778.0,612.0,78.0,52.0
778.0,612.0,78.0,52.0
778.0,612.0,78.0,52.0
778.0,612.0,78.0,52.0
778.0,612.0,78.0,52.0
778.0,612.0,78.0,52.0
778.0,612.0,78.0,52.0
778.0,612.0,78.0,52.0
2
0
0
0
0
1
913.0,606.0,87.0,38.0
921.0,604.0,87.0,38.0
928.0,602.0,87.0,38.0
935.0,600.0,87.0,38.0
935.0,600.0,87.0,38.0
935.0,600.0,87.0,38.0
935.0,600.0,87.0,38.0
935.0,600.0,87.0,38.0
935.0,600.0,87.0,38.0
935.0,600.0,87.0,38.0
935.0,600.0,87.0,38.0
935.0,600.0,87.0,38.0
935.0,600.0,87.0,38.0
935.0,600.0,87.0,38.0
935.0,600.0,87.0,38.0
2
0
0
0
0
1
1064.0,603.0,83.0,48.0
1064.0,603.0,83.0,48.0
1064.0,603.0,83.0,48.0
1064.0,603.0,83.0,48.0
1064.0,603.0,83.0,48.0
1064.0,603.0,83.0,48.0
1064.0,603.0,83.0,48.0
1064.0,603.0,83.0,48.0
2
0
0
0
0
1
1205.0,676.0,38.0,83.0
1210.0,691.0,38.0,83.0
1210.0,691.0,38.0,83.0
1210.0,691.0,38.0,83.0
2
0
0
0
0
1
1424.0,597.0,66.0,71.0
1446.0,573.0,66.0,71.0
1467.0,552.0,66.0,71.0
1487.0,533.0,66.0,71.0
1487.0,533.0,66.0,71.0
1487.0,533.0,66.0,71.0
2
0
0
0
0
1
1470.0,377.0,61.0,74.0
1460.0,362.0,61.0,74.0
1451.0,348.0,61.0,74.0
1443.0,336.0,61.0,74.0
1443.0,336.0,61.0,74.0
1443.0,336.0,61.0,74.0
1443.0,336.0,61.0,74.0
2
0
0
0
0
1
1160.0,354.0,82.0,13.0
1136.0,353.0,82.0,13.0
1114.0,353.0,82.0,13.0
1094.0,353.0,82.0,13.0
1094.0,353.0,82.0,13.0
1094.0,353.0,82.0,13.0
1094.0,353.0,82.0,13.0
1094.0,353.0,82.0,13.0
1094.0,353.0,82.0,13.0
2
0
0
0
0
1
957.0,339.0,57.0,58.0
958.0,340.0,57.0,58.0
965.0,344.0,57.0,58.0
972.0,348.0,57.0,58.0
972.0,348.0,57.0,58.0
972.0,348.0,57.0,58.0
2
0
0
0
0
1
935.0,362.0,83.0,52.0
938.0,359.0,83.0,52.0
938.0,359.0,83.0,52.0
891.0,351.0,83.0,52.0
891.0,351.0,83.0,52.0
891.0,351.0,83.0,52.0
891.0,351.0,83.0,52.0
2
0
0
0
0
1
2
0
0
0
0
1
605.0,290.0,86.0,41.0
593.0,286.0,86.0,41.0
583.0,282.0,86.0,41.0
583.0,281.0,86.0,41.0
583.0,281.0,86.0,41.0
583.0,281.0,86.0,41.0
583.0,281.0,86.0,41.0
583.0,281.0,86.0,41.0
583.0,281.0,86.0,41.0
583.0,281.0,86.0,41.0
583.0,281.0,86.0,41.0
2
0
0
0
0
1
338.0,302.0,82.0,25.0
338.0,302.0,82.0,25.0
338.0,302.0,82.0,25.0
338.0,302.0,82.0,25.0
338.0,302.0,82.0,25.0
2
0
0
0
0
1
258.0,170.0,43.0,83.0
254.0,160.0,43.0,83.0
251.0,153.0,43.0,83.0
248.0,145.0,43.0,83.0
248.0,145.0,43.0,83.0
248.0,145.0,43.0,83.0
248.0,145.0,43.0,83.0
248.0,145.0,43.0,83.0
248.0,145.0,43.0,83.0
248.0,145.0,43.0,83.0
248.0,145.0,43.0,83.0
2
0
0
0
0
1
332.0,101.0,87.0,31.0
326.0,101.0,87.0,31.0
318.0,98.0,87.0,31.0
314.0,95.0,87.0,31.0
314.0,95.0,87.0,31.0
314.0,95.0,87.0,31.0
314.0,95.0,87.0,31.0
314.0,95.0,87.0,31.0
2
0
0
0
0
