1
329.0,113.0,81.0,15.0
319.0,114.0,81.0,15.0
319.0,115.0,81.0,15.0
316.0,116.0,81.0,15.0
316.0,116.0,81.0,15.0
316.0,116.0,81.0,15.0
316.0,116.0,81.0,15.0
316.0,116.0,81.0,15.0
316.0,116.0,81.0,15.0
316.0,116.0,81.0,15.0
2
0
0
0
0
1
276.0,33.0,20.0,78.0
277.0,29.0,20.0,78.0
278.0,28.0,20.0,78.0
280.0,27.0,20.0,78.0
280.0,27.0,20.0,78.0
280.0,27.0,20.0,78.0
280.0,27.0,20.0,78.0
280.0,27.0,20.0,78.0
280.0,27.0,20.0,78.0
280.0,27.0,20.0,78.0
280.0,27.0,20.0,78.0
280.0,27.0,20.0,78.0
280.0,27.0,20.0,78.0
280.0,27.0,20.0,78.0
280.0,27.0,20.0,78.0
280.0,27.0,20.0,78.0
280.0,27.0,20.0,78.0
280.0,27.0,20.0,78.0
280.0,27.0,20.0,78.0
280.0,27.0,20.0,78.0
280.0,27.0,20.0,78.0
280.0,27.0,20.0,78.0
280.0,27.0,20.0,78.0
280.0,27.0,20.0,78.0
280.0,27.0,20.0,78.0
280.0,27.0,20.0,78.0
280.0,27.0,20.0,78.0
280.0,27.0,20.0,78.0
280.0,27.0,20.0,78.0
280.0,27.0,20.0,78.0
280.0,27.0,20.0,78.0
280.0,27.0,20.0,78.0
280.0,27.0,20.0,78.0
280.0,27.0,20.0,78.0
280.0,27.0,20.0,78.0
280.0,27.0,20.0,78.0
280.0,27.0,20.0,78.0
2
0
0
0
0
1
218.0,117.0,43.0,66.0
220.0,113.0,43.0,66.0
220.0,111.0,45.0,66.0
221.0,109.0,45.0,66.0
221.0,109.0,45.0,66.0
221.0,109.0,45.0,66.0
221.0,109.0,45.0,66.0
221.0,109.0,45.0,66.0
221.0,109.0,45.0,66.0
221.0,109.0,45.0,66.0
221.0,109.0,45.0,66.0
2
0
0
0
0
1
228.0,217.0,30.0,88.0
227.0,213.0,30.0,88.0
225.0,208.0,30.0,88.0
223.0,204.0,30.0,88.0
223.0,204.0,30.0,88.0
223.0,204.0,30.0,88.0
223.0,204.0,30.0,88.0
223.0,204.0,30.0,88.0
223.0,204.0,30.0,88.0
2
0
0
0
0
1
262.0,299.0,28.0,85.0
263.0,302.0,28.0,85.0
264.0,305.0,28.0,85.0
265.0,308.0,28.0,85.0
265.0,308.0,28.0,85.0
265.0,308.0,28.0,85.0
265.0,308.0,28.0,85.0
265.0,308.0,28.0,85.0
265.0,308.0,28.0,85.0
265.0,308.0,28.0,85.0
265.0,308.0,28.0,85.0
265.0,308.0,28.0,85.0
265.0,308.0,28.0,85.0
265.0,308.0,28.0,85.0
265.0,308.0,28.0,85.0
2
0
0
0
0
1
238.0,412.0,28.0,82.0
238.0,413.0,28.0,82.0
237.0,416.0,28.0,82.0
235.0,418.0,30.0,82.0
235.0,418.0,30.0,82.0
235.0,418.0,30.0,82.0
235.0,418.0,30.0,82.0
235.0,418.0,30.0,82.0
235.0,418.0,30.0,82.0
235.0,418.0,30.0,82.0
235.0,418.0,30.0,82.0
235.0,418.0,30.0,82.0
235.0,418.0,30.0,82.0
235.0,418.0,30.0,82.0
2
0
0
0
0
1
257.0,521.0,27.0,87.0
256.0,526.0,27.0,87.0
255.0,530.0,27.0,87.0
254.0,533.0,27.0,87.0
254.0,533.0,27.0,87.0
254.0,533.0,27.0,87.0
254.0,533.0,27.0,87.0
254.0,533.0,27.0,87.0
254.0,533.0,27.0,87.0
254.0,533.0,27.0,87.0
2
0
0
0
0
1
351.0,522.0,78.0,53.0
364.0,513.0,78.0,53.0
375.0,505.0,78.0,53.0
386.0,497.0,78.0,53.0
386.0,497.0,78.0,53.0
386.0,497.0,78.0,53.0
386.0,497.0,78.0,53.0
386.0,497.0,78.0,53.0
386.0,497.0,78.0,53.0
386.0,497.0,78.0,53.0
2
0
0
0
0
1
476.0,534.0,36.0,66.0
474.0,538.0,36.0,66.0
472.0,543.0,36.0,66.0
471.0,545.0,36.0,66.0
471.0,545.0,36.0,66.0
471.0,545.0,36.0,66.0
471.0,545.0,36.0,66.0
471.0,545.0,36.0,66.0
471.0,545.0,36.0,66.0
471.0,545.0,36.0,66.0
471.0,545.0,36.0,66.0
471.0,545.0,36.0,66.0
2
0
0
0
0
1
2
0
0
0
0
1
605.0,513.0,75.0,66.0
620.0,524.0,75.0,66.0
634.0,535.0,75.0,66.0
647.0,545.0,75.0,66.0
647.0,545.0,75.0,66.0
647.0,545.0,75.0,66.0
647.0,545.0,75.0,66.0
647.0,545.0,75.0,66.0
647.0,545.0,75.0,66.0
647.0,545.0,75.0,66.0
647.0,545.0,75.0,66.0
2
0
0
0
0
1
761.0,624.0,78.0,52.0
767.0,620.0,78.0,52.0
774.0,615.0,78.0,52.0
780.0,611.0,78.0,52.0
780.0,611.0,78.0,52.0
780.0,611.0,78.0,52.0
780.0,611.0,78.0,52.0
780.0,611.0,78.0,52.0
780.0,611.0,78.0,52.0
780.0,611.0,78.0,52.0
780.0,611.0,78.0,52.0
780.0,611.0,78.0,52.0
780.0,611.0,78.0,52.0
780.0,611.0,78.0,52.0
2
0
0
0
0
1
913.0,606.0,87.0,38.0
921.0,604.0,87.0,38.0
928.0,602.0,87.0,38.0
936.0,600.0,87.0,38.0
936.0,600.0,87.0,38.0
936.0,600.0,87.0,38.0
936.0,600.0,87.0,38.0
936.0,600.0,87.0,38.0
936.0,600.0,87.0,38.0
936.0,600.0,87.0,38.0
936.0,600.0,87.0,38.0
936.0,600.0,87.0,38.0
936.0,600.0,87.0,38.0
936.0,600.0,87.0,38.0
936.0,600.0,87.0,38.0
2
0
0
0
0
1
1064.0,603.0,83.0,48.0
1064.0,603.0,83.0,48.0
1066.0,604.0,83.0,48.0
1068.0,605.0,83.0,48.0
1068.0,605.0,83.0,48.0
1068.0,605.0,83.0,48.0
1068.0,605.0,83.0,48.0
1068.0,605.0,83.0,48.0
2
0
0
0
0
1
1205.0,676.0,38.0,83.0
1210.0,691.0,38.0,83.0
1215.0,706.0,38.0,83.0
1220.0,721.0,38.0,83.0
1220.0,721.0,38.0,83.0
2
0
0
0
0
1
1447.0,575.0,66.0,66.0
1468.0,554.0,66.0,66.0
1487.0,535.0,66.0,66.0
1504.0,518.0,66.0,66.0
1504.0,518.0,66.0,66.0
1504.0,518.0,66.0,66.0
2
0
0
0
0
1
1460.0,358.0,56.0,78.0
1451.0,344.0,56.0,78.0
1443.0,332.0,56.0,78.0
1436.0,322.0,56.0,78.0
1436.0,322.0,56.0,78.0
1436.0,322.0,56.0,78.0
1436.0,322.0,56.0,78.0
2
0
0
0
0
1
1136.0,354.0,80.0,14.0
1114.0,354.0,80.0,14.0
1094.0,354.0,80.0,14.0
1075.0,354.0,80.0,14.0
1075.0,354.0,80.0,14.0
1075.0,354.0,80.0,14.0
1075.0,354.0,80.0,14.0
1075.0,354.0,80.0,14.0
1075.0,354.0,80.0,14.0
2
0
0
0
0
1
970.0,358.0,65.0,49.0
976.0,361.0,65.0,49.0
983.0,365.0,65.0,49.0
990.0,369.0,65.0,49.0
990.0,369.0,65.0,49.0
990.0,369.0,65.0,49.0
990.0,369.0,65.0,49.0
990.0,369.0,65.0,49.0
990.0,369.0,65.0,49.0
990.0,369.0,65.0,49.0
990.0,369.0,65.0,49.0
990.0,369.0,65.0,49.0
2
0
0
0
0
1
2
0
0
0
0
1
2
0
0
0
0
1
605.0,290.0,86.0,41.0
593.0,286.0,86.0,41.0
583.0,282.0,86.0,41.0
583.0,281.0,86.0,41.0
583.0,281.0,86.0,41.0
583.0,281.0,86.0,41.0
583.0,281.0,86.0,41.0
583.0,281.0,86.0,41.0
583.0,281.0,86.0,41.0
583.0,281.0,86.0,41.0
583.0,281.0,86.0,41.0
2
0
0
0
0
1
338.0,302.0,82.0,25.0
319.0,305.0,82.0,25.0
300.0,308.0,82.0,25.0
281.0,311.0,82.0,25.0
281.0,311.0,82.0,25.0
281.0,311.0,82.0,25.0
2
0
0
0
0
1
254.0,160.0,43.0,85.0
251.0,152.0,43.0,85.0
248.0,144.0,43.0,85.0
245.0,136.0,43.0,85.0
245.0,136.0,43.0,85.0
245.0,136.0,43.0,85.0
245.0,136.0,43.0,85.0
245.0,136.0,43.0,85.0
245.0,136.0,43.0,85.0
245.0,136.0,43.0,85.0
2
0
0
0
0
1
332.0,101.0,87.0,31.0
325.0,101.0,87.0,31.0
318.0,97.0,87.0,31.0
314.0,94.0,87.0,31.0
314.0,94.0,87.0,31.0
314.0,94.0,87.0,31.0
314.0,94.0,87.0,31.0
314.0,94.0,87.0,31.0
2
0
0
0
0
