1
497.0,402.0,40.0,42.0
499.0,389.0,40.0,42.0
498.0,380.0,40.0,42.0
499.0,373.0,40.0,42.0
499.0,373.0,40.0,42.0
499.0,373.0,40.0,42.0
499.0,373.0,40.0,42.0
502.0,374.0,40.0,42.0
502.0,374.0,40.0,42.0
502.0,374.0,40.0,42.0
502.0,374.0,40.0,42.0
2
0
0
0
0
1
2
0
0
0
0
1
512.0,307.0,41.81999969482422,37.939998626708984
512.0,307.0,41.81999969482422,37.939998626708984
512.0,307.0,41.81999969482422,37.939998626708984
512.0,307.0,41.81999969482422,37.939998626708984
2
0
0
0
0
1
521.0,386.0,41.0,40.0
524.0,371.0,41.0,40.0
527.0,356.0,41.0,40.0
530.0,344.0,41.0,40.0
530.0,344.0,41.0,40.0
530.0,344.0,41.0,40.0
530.0,344.0,41.0,40.0
539.0,328.0,41.0,40.0
539.0,328.0,41.0,40.0
539.0,328.0,41.0,40.0
539.0,328.0,41.0,40.0
551.0,361.0,41.0,40.0
551.0,361.0,41.0,40.0
551.0,361.0,41.0,40.0
551.0,361.0,41.0,40.0
547.0,350.0,41.0,40.0
547.0,350.0,41.0,40.0
547.0,350.0,41.0,40.0
2
0
0
0
0
1
481.0,238.0,42.959999084472656,43.08000183105469
472.0,240.0,42.959999084472656,43.08000183105469
465.0,246.0,42.959999084472656,43.08000183105469
458.0,256.0,42.959999084472656,43.08000183105469
458.0,256.0,42.959999084472656,43.08000183105469
458.0,256.0,42.959999084472656,43.08000183105469
2
0
0
0
0
1
403.0,355.0,50.0,42.0
400.0,347.0,50.0,42.0
398.0,343.0,50.0,42.0
397.0,342.0,50.0,42.0
397.0,342.0,50.0,42.0
397.0,342.0,50.0,42.0
397.0,342.0,50.0,42.0
397.0,342.0,50.0,42.0
397.0,342.0,50.0,42.0
2
0
0
0
0
1
390.0,411.0,40.40999984741211,38.52000045776367
393.0,399.0,40.40999984741211,38.52000045776367
392.0,388.0,40.40999984741211,38.52000045776367
392.0,379.0,40.40999984741211,38.52000045776367
392.0,379.0,40.40999984741211,38.52000045776367
392.0,379.0,40.40999984741211,38.52000045776367
392.0,379.0,40.40999984741211,38.52000045776367
392.0,379.0,40.40999984741211,38.52000045776367
392.0,379.0,40.40999984741211,38.52000045776367
392.0,379.0,40.40999984741211,38.52000045776367
392.0,379.0,40.40999984741211,38.52000045776367
2
0
0
0
0
1
423.0,374.0,47.209999084472656,43.61000061035156
429.0,360.0,47.209999084472656,43.61000061035156
435.0,349.0,47.209999084472656,43.61000061035156
