1
34.0,60.0,69.0,84.0
38.0,66.0,69.0,84.0
43.0,72.0,69.0,84.0
50.0,76.0,69.0,84.0
50.0,76.0,69.0,84.0
50.0,76.0,69.0,84.0
50.0,76.0,69.0,84.0
50.0,76.0,69.0,84.0
50.0,76.0,69.0,84.0
50.0,76.0,69.0,84.0
2
0
0
0
0
1
150.0,82.0,65.0,79.0
159.0,79.0,65.0,79.0
173.0,78.0,65.0,79.0
189.0,78.0,65.0,79.0
189.0,78.0,65.0,79.0
189.0,78.0,65.0,79.0
189.0,78.0,65.0,79.0
189.0,78.0,65.0,79.0
2
0
0
0
0
1
275.0,72.0,64.0,80.0
260.0,71.0,64.0,80.0
246.0,69.0,64.0,80.0
230.0,67.0,64.0,80.0
230.0,67.0,64.0,80.0
230.0,67.0,64.0,80.0
230.0,67.0,64.0,80.0
230.0,67.0,64.0,80.0
230.0,67.0,64.0,80.0
2
0
0
0
0
1
122.0,93.0,65.0,81.0
119.0,92.0,65.0,81.0
116.0,91.0,65.0,81.0
113.0,90.0,65.0,81.0
113.0,90.0,65.0,81.0
113.0,90.0,65.0,81.0
113.0,90.0,65.0,81.0
113.0,90.0,65.0,81.0
113.0,90.0,65.0,81.0
113.0,90.0,65.0,81.0
2
0
0
0
0
1
284.0,77.0,63.0,81.0
294.0,73.0,63.0,81.0
302.0,69.0,63.0,81.0
306.0,66.0,63.0,81.0
306.0,66.0,63.0,81.0
306.0,66.0,63.0,81.0
306.0,66.0,63.0,81.0
306.0,66.0,63.0,81.0
306.0,66.0,63.0,81.0
306.0,66.0,63.0,81.0
2
0
0
0
0
1
82.0,79.0,85.0,87.0
62.0,74.0,85.0,87.0
41.0,71.0,85.0,87.0
20.0,71.0,85.0,87.0
20.0,71.0,85.0,87.0
20.0,71.0,85.0,87.0
20.0,71.0,85.0,87.0
20.0,71.0,85.0,87.0
20.0,71.0,85.0,87.0
20.0,71.0,85.0,87.0
20.0,71.0,85.0,87.0
20.0,71.0,85.0,87.0
20.0,71.0,85.0,87.0
1.0,62.0,85.0,87.0
1.0,62.0,85.0,87.0
1.0,62.0,85.0,87.0
1.0,62.0,85.0,87.0
1.0,62.0,85.0,87.0
1.0,62.0,85.0,87.0
1.0,62.0,85.0,87.0
1.0,62.0,85.0,87.0
1.0,62.0,85.0,87.0
1.0,62.0,85.0,87.0
2
0
0
0
0
1
222.0,105.0,71.0,54.0
246.0,105.0,71.0,54.0
272.0,105.0,71.0,54.0
296.0,105.0,71.0,54.0
296.0,105.0,71.0,54.0
296.0,105.0,71.0,54.0
296.0,105.0,71.0,54.0
296.0,105.0,71.0,54.0
296.0,105.0,71.0,54.0
296.0,105.0,71.0,54.0
296.0,105.0,71.0,54.0
296.0,105.0,71.0,54.0
296.0,105.0,71.0,54.0
298.0,67.0,71.0,54.0
298.0,67.0,71.0,54.0
298.0,67.0,71.0,54.0
298.0,67.0,71.0,54.0
298.0,67.0,71.0,54.0
298.0,67.0,71.0,54.0
298.0,67.0,71.0,54.0
298.0,67.0,71.0,54.0
298.0,67.0,71.0,54.0
298.0,67.0,71.0,54.0
2
0
0
0
0
1
163.0,76.0,104.0,96.0
179.0,76.0,104.0,96.0
194.0,77.0,104.0,96.0
212.0,83.0,104.0,96.0
212.0,83.0,104.0,96.0
212.0,83.0,104.0,96.0
212.0,83.0,104.0,96.0
212.0,83.0,104.0,96.0
212.0,83.0,104.0,96.0
212.0,83.0,104.0,96.0
212.0,83.0,104.0,96.0
212.0,83.0,104.0,96.0
212.0,83.0,104.0,96.0
212.0,83.0,104.0,96.0
190.0,77.0,104.0,96.0
190.0,77.0,104.0,96.0
190.0,77.0,104.0,96.0
190.0,77.0,104.0,96.0
190.0,77.0,104.0,96.0
190.0,77.0,104.0,96.0
2
0
0
0
0
1
294.0,80.0,65.0,71.0
284.0,95.0,65.0,71.0
274.0,113.0,65.0,71.0
265.0,123.0,65.0,71.0
265.0,123.0,65.0,71.0
265.0,123.0,65.0,71.0
265.0,123.0,65.0,71.0
265.0,123.0,65.0,71.0
265.0,123.0,65.0,71.0
265.0,123.0,65.0,71.0
265.0,123.0,65.0,71.0
265.0,123.0,65.0,71.0
265.0,123.0,65.0,71.0
265.0,123.0,65.0,71.0
256.0,133.0,65.0,71.0
256.0,133.0,65.0,71.0
2
0
0
0
0
1
188.0,89.0,75.0,80.0
199.0,88.0,75.0,80.0
204.0,86.0,75.0,80.0
205.0,83.0,75.0,80.0
205.0,83.0,75.0,80.0
205.0,83.0,75.0,80.0
205.0,83.0,75.0,80.0
205.0,83.0,75.0,80.0
205.0,83.0,75.0,80.0
205.0,83.0,75.0,80.0
205.0,83.0,75.0,80.0
205.0,83.0,75.0,80.0
205.0,83.0,75.0,80.0
205.0,83.0,75.0,80.0
205.0,83.0,75.0,80.0
205.0,83.0,75.0,80.0
226.0,72.0,75.0,80.0
226.0,72.0,75.0,80.0
226.0,72.0,75.0,80.0
226.0,72.0,75.0,80.0
226.0,72.0,75.0,80.0
226.0,72.0,75.0,80.0
226.0,72.0,75.0,80.0
226.0,72.0,75.0,80.0
226.0,72.0,75.0,80.0
226.0,72.0,75.0,80.0
226.0,72.0,75.0,80.0
226.0,72.0,75.0,80.0
226.0,72.0,75.0,80.0
247.0,61.0,75.0,80.0
247.0,61.0,75.0,80.0
247.0,61.0,75.0,80.0
2
0
0
0
0
1
149.0,76.0,109.0,99.0
154.0,66.0,109.0,99.0
160.0,55.0,109.0,99.0
177.0,47.0,109.0,99.0
177.0,47.0,109.0,99.0
177.0,47.0,109.0,99.0
177.0,47.0,109.0,99.0
177.0,47.0,109.0,99.0
177.0,47.0,109.0,99.0
177.0,47.0,109.0,99.0
177.0,47.0,109.0,99.0
177.0,47.0,109.0,99.0
177.0,47.0,109.0,99.0
177.0,47.0,109.0,99.0
194.0,39.0,109.0,99.0
194.0,39.0,109.0,99.0
194.0,39.0,109.0,99.0
194.0,39.0,109.0,99.0
194.0,39.0,109.0,99.0
194.0,39.0,109.0,99.0
194.0,39.0,109.0,99.0
194.0,39.0,109.0,99.0
194.0,39.0,109.0,99.0
194.0,39.0,109.0,99.0
194.0,39.0,109.0,99.0
206.0,81.0,109.0,99.0
206.0,81.0,109.0,99.0
206.0,81.0,109.0,99.0
206.0,81.0,109.0,99.0
206.0,81.0,109.0,99.0
206.0,81.0,109.0,99.0
206.0,81.0,109.0,99.0
206.0,81.0,109.0,99.0
206.0,81.0,109.0,99.0
206.0,81.0,109.0,99.0
206.0,81.0,109.0,99.0
184.0,92.0,109.0,99.0
184.0,92.0,109.0,99.0
184.0,92.0,109.0,99.0
184.0,92.0,109.0,99.0
184.0,92.0,109.0,99.0
184.0,92.0,109.0,99.0
184.0,92.0,109.0,99.0
184.0,92.0,109.0,99.0
184.0,92.0,109.0,99.0
184.0,92.0,109.0,99.0
184.0,92.0,109.0,99.0
157.0,43.0,109.0,99.0
157.0,43.0,109.0,99.0
157.0,43.0,109.0,99.0
157.0,43.0,109.0,99.0
157.0,43.0,109.0,99.0
157.0,43.0,109.0,99.0
157.0,43.0,109.0,99.0
157.0,43.0,109.0,99.0
157.0,43.0,109.0,99.0
157.0,43.0,109.0,99.0
157.0,43.0,109.0,99.0
95.0,56.0,109.0,99.0
95.0,56.0,109.0,99.0
95.0,56.0,109.0,99.0
95.0,56.0,109.0,99.0
95.0,56.0,109.0,99.0
95.0,56.0,109.0,99.0
2
0
0
0
0
1
249.0,77.0,87.0,102.0
244.0,76.0,87.0,102.0
241.0,75.0,87.0,102.0
239.0,76.0,87.0,102.0
239.0,76.0,87.0,102.0
239.0,76.0,87.0,102.0
239.0,76.0,87.0,102.0
239.0,76.0,87.0,102.0
239.0,76.0,87.0,102.0
239.0,76.0,87.0,102.0
239.0,76.0,87.0,102.0
239.0,76.0,87.0,102.0
239.0,76.0,87.0,102.0
239.0,76.0,87.0,102.0
237.0,77.0,87.0,102.0
237.0,77.0,87.0,102.0
237.0,77.0,87.0,102.0
237.0,77.0,87.0,102.0
237.0,77.0,87.0,102.0
237.0,77.0,87.0,102.0
237.0,77.0,87.0,102.0
237.0,77.0,87.0,102.0
237.0,77.0,87.0,102.0
237.0,77.0,87.0,102.0
237.0,77.0,87.0,102.0
235.0,78.0,87.0,102.0
235.0,78.0,87.0,102.0
235.0,78.0,87.0,102.0
235.0,78.0,87.0,102.0
235.0,78.0,87.0,102.0
235.0,78.0,87.0,102.0
235.0,78.0,87.0,102.0
235.0,78.0,87.0,102.0
235.0,78.0,87.0,102.0
235.0,78.0,87.0,102.0
235.0,78.0,87.0,102.0
233.0,79.0,87.0,102.0
233.0,79.0,87.0,102.0
233.0,79.0,87.0,102.0
233.0,79.0,87.0,102.0
233.0,79.0,87.0,102.0
233.0,79.0,87.0,102.0
233.0,79.0,87.0,102.0
233.0,79.0,87.0,102.0
233.0,79.0,87.0,102.0
233.0,79.0,87.0,102.0
233.0,79.0,87.0,102.0
231.0,80.0,87.0,102.0
231.0,80.0,87.0,102.0
231.0,80.0,87.0,102.0
2
0
0
0
0
1
179.0,82.0,70.0,84.0
147.0,91.0,70.0,84.0
127.0,98.0,70.0,84.0
125.0,104.0,70.0,84.0
125.0,104.0,70.0,84.0
125.0,104.0,70.0,84.0
2
0
0
0
0
1
128.0,91.0,70.0,83.0
121.0,96.0,70.0,83.0
128.0,98.0,70.0,83.0
145.0,94.0,70.0,83.0
145.0,94.0,70.0,83.0
