1
166.0,66.0,88.0,64.0
133.0,83.0,88.0,64.0
100.0,100.0,88.0,64.0
2
0
0
0
0
1
121.0,116.0,87.0,67.0
155.0,97.0,87.0,67.0
184.0,98.0,87.0,67.0
204.0,104.0,87.0,67.0
204.0,104.0,87.0,67.0
204.0,104.0,87.0,67.0
224.0,110.0,87.0,67.0
224.0,110.0,87.0,67.0
224.0,110.0,87.0,67.0
2
0
0
0
0
1
368.0,160.0,90.0,84.0
369.0,144.0,90.0,84.0
370.0,128.0,90.0,84.0
316.0,139.0,90.0,84.0
316.0,139.0,90.0,84.0
316.0,139.0,90.0,84.0
262.0,147.0,90.0,84.0
262.0,147.0,90.0,84.0
262.0,147.0,90.0,84.0
208.0,155.0,90.0,84.0
208.0,155.0,90.0,84.0
208.0,155.0,90.0,84.0
154.0,163.0,90.0,84.0
154.0,163.0,90.0,84.0
154.0,163.0,90.0,84.0
2
0
0
0
0
1
2
0
0
0
0
1
308.0,140.0,58.0,57.0
310.0,142.0,58.0,57.0
312.0,144.0,58.0,57.0
314.0,146.0,58.0,57.0
314.0,146.0,58.0,57.0
314.0,146.0,58.0,57.0
304.0,141.0,58.0,57.0
304.0,141.0,58.0,57.0
304.0,141.0,58.0,57.0
306.0,135.0,58.0,57.0
306.0,135.0,58.0,57.0
306.0,135.0,58.0,57.0
308.0,129.0,58.0,57.0
308.0,129.0,58.0,57.0
308.0,129.0,58.0,57.0
310.0,123.0,58.0,57.0
310.0,123.0,58.0,57.0
310.0,123.0,58.0,57.0
2
0
0
0
0
1
2
0
0
0
0
1
257.0,175.0,35.0,51.0
243.0,173.0,35.0,51.0
239.0,170.0,35.0,51.0
243.0,168.0,35.0,51.0
243.0,168.0,35.0,51.0
243.0,168.0,35.0,51.0
247.0,166.0,35.0,51.0
2
0
0
0
0
1
350.0,153.0,57.0,51.0
360.0,172.0,57.0,51.0
370.0,191.0,57.0,51.0
380.0,210.0,57.0,51.0
380.0,210.0,57.0,51.0
380.0,210.0,57.0,51.0
390.0,229.0,57.0,51.0
390.0,229.0,57.0,51.0
2
0
0
0
0
1
170.0,192.0,39.0,60.0
172.0,198.0,39.0,60.0
177.0,201.0,39.0,60.0
182.0,204.0,39.0,60.0
182.0,204.0,39.0,60.0
182.0,204.0,39.0,60.0
2
0
0
0
0
1
2
0
0
0
0
1
293.0,195.0,101.0,84.0
290.0,197.0,101.0,84.0
281.0,197.0,101.0,84.0
272.0,197.0,101.0,84.0
272.0,197.0,101.0,84.0
272.0,197.0,101.0,84.0
263.0,197.0,101.0,84.0
263.0,197.0,101.0,84.0
263.0,197.0,101.0,84.0
298.0,187.0,101.0,84.0
298.0,187.0,101.0,84.0
298.0,187.0,101.0,84.0
287.0,181.0,101.0,84.0
287.0,181.0,101.0,84.0
287.0,181.0,101.0,84.0
261.0,161.0,101.0,84.0
261.0,161.0,101.0,84.0
261.0,161.0,101.0,84.0
235.0,141.0,101.0,84.0
235.0,141.0,101.0,84.0
235.0,141.0,101.0,84.0
209.0,121.0,101.0,84.0
209.0,121.0,101.0,84.0
209.0,121.0,101.0,84.0
2
0
0
0
0
1
343.0,150.0,40.0,52.0
355.0,161.0,40.0,52.0
384.0,152.0,40.0,52.0
383.0,142.0,40.0,52.0
383.0,142.0,40.0,52.0
383.0,142.0,40.0,52.0
2
0
0
0
0
1
358.0,155.0,87.0,81.0
363.0,151.0,87.0,81.0
368.0,147.0,87.0,81.0
373.0,143.0,87.0,81.0
373.0,143.0,87.0,81.0
373.0,143.0,87.0,81.0
