1
166.0,67.0,88.0,64.0
166.0,67.0,88.0,64.0
166.0,67.0,88.0,64.0
2
0
0
0
0
1
2
0
0
0
0
1
2
0
0
0
0
1
369.0,157.0,103.01000213623047,92.94999694824219
368.0,164.0,103.01000213623047,92.94999694824219
370.0,166.0,103.01000213623047,92.94999694824219
366.0,168.0,103.01000213623047,92.94999694824219
365.0,164.0,103.01000213623047,92.94999694824219
360.0,159.0,103.01000213623047,92.94999694824219
354.0,160.0,103.01000213623047,92.94999694824219
2
0
0
0
0
1
198.0,134.0,71.97000122070312,71.3499984741211
182.0,134.0,71.97000122070312,71.3499984741211
175.0,137.0,71.97000122070312,71.3499984741211
173.0,136.0,71.97000122070312,71.3499984741211
175.0,131.0,71.97000122070312,71.3499984741211
176.0,123.0,71.97000122070312,71.3499984741211
173.0,126.0,71.97000122070312,71.3499984741211
172.0,134.0,71.97000122070312,71.3499984741211
172.0,142.0,71.97000122070312,71.3499984741211
177.0,141.0,71.97000122070312,71.3499984741211
187.0,143.0,71.97000122070312,71.3499984741211
198.0,147.0,71.97000122070312,71.3499984741211
217.0,151.0,71.97000122070312,71.3499984741211
231.0,150.0,71.97000122070312,71.3499984741211
236.0,150.0,71.97000122070312,71.3499984741211
2
0
0
0
0
1
354.0,160.0,20.239999771118164,43.2599983215332
354.0,160.0,20.239999771118164,43.2599983215332
354.0,160.0,20.239999771118164,43.2599983215332
354.0,160.0,20.239999771118164,43.2599983215332
354.0,160.0,20.239999771118164,43.2599983215332
354.0,160.0,20.239999771118164,43.2599983215332
354.0,160.0,20.239999771118164,43.2599983215332
2
0
0
0
0
1
2
0
0
0
0
1
314.0,161.0,65.6500015258789,43.77000045776367
314.0,161.0,65.6500015258789,43.77000045776367
314.0,161.0,65.6500015258789,43.77000045776367
314.0,161.0,65.6500015258789,43.77000045776367
314.0,161.0,65.6500015258789,43.77000045776367
314.0,161.0,65.6500015258789,43.77000045776367
2
0
0
0
0
1
2
0
0
0
0
1
2
0
0
0
0
1
2
0
0
0
0
1
2
0
0
0
0
1
171.0,205.0,43.95000076293945,60.95000076293945
183.0,209.0,43.95000076293945,60.95000076293945
204.0,212.0,43.95000076293945,60.95000076293945
228.0,214.0,43.95000076293945,60.95000076293945
245.0,219.0,43.95000076293945,60.95000076293945
245.0,219.0,43.95000076293945,60.95000076293945
2
0
0
0
0
1
2
0
0
0
0
1
277.0,197.0,102.19999694824219,73.0199966430664
277.0,197.0,102.19999694824219,73.0199966430664
277.0,197.0,102.19999694824219,73.0199966430664
277.0,197.0,102.19999694824219,73.0199966430664
277.0,197.0,102.19999694824219,73.0199966430664
277.0,197.0,102.19999694824219,73.0199966430664
290.0,180.0,102.19999694824219,73.0199966430664
295.0,186.0,102.19999694824219,73.0199966430664
295.0,182.0,102.19999694824219,73.0199966430664
292.0,181.0,102.19999694824219,73.0199966430664
286.0,180.0,102.19999694824219,73.0199966430664
286.0,176.0,102.19999694824219,73.0199966430664
272.0,167.0,102.19999694824219,73.0199966430664
265.0,161.0,102.19999694824219,73.0199966430664
260.0,158.0,102.19999694824219,73.0199966430664
258.0,153.0,102.19999694824219,73.0199966430664
258.0,153.0,102.19999694824219,73.0199966430664
258.0,153.0,102.19999694824219,73.0199966430664
258.0,153.0,102.19999694824219,73.0199966430664
258.0,153.0,102.19999694824219,73.0199966430664
258.0,153.0,102.19999694824219,73.0199966430664
258.0,153.0,102.19999694824219,73.0199966430664
258.0,153.0,102.19999694824219,73.0199966430664
258.0,153.0,102.19999694824219,73.0199966430664
258.0,153.0,102.19999694824219,73.0199966430664
258.0,153.0,102.19999694824219,73.0199966430664
258.0,153.0,102.19999694824219,73.0199966430664
2
0
0
0
0
1
2
0
0
0
0
1
351.0,160.0,81.86000061035156,74.30999755859375
351.0,160.0,81.86000061035156,74.30999755859375
351.0,160.0,81.86000061035156,74.30999755859375
348.0,163.0,81.86000061035156,74.30999755859375
344.0,164.0,81.86000061035156,74.30999755859375
344.0,164.0,81.86000061035156,74.30999755859375
344.0,164.0,81.86000061035156,74.30999755859375
