1
183.0,208.0,45.0,110.0
182.0,208.0,45.0,110.0
180.0,208.0,45.0,110.0
178.0,208.0,45.0,110.0
178.0,208.0,45.0,110.0
178.0,208.0,45.0,110.0
178.0,208.0,45.0,110.0
178.0,208.0,45.0,110.0
178.0,208.0,45.0,110.0
176.0,208.0,45.0,110.0
176.0,208.0,45.0,110.0
176.0,208.0,45.0,110.0
176.0,208.0,45.0,110.0
176.0,208.0,45.0,110.0
176.0,208.0,45.0,110.0
174.0,208.0,45.0,110.0
174.0,208.0,45.0,110.0
174.0,208.0,45.0,110.0
174.0,208.0,45.0,110.0
174.0,208.0,45.0,110.0
174.0,208.0,45.0,110.0
172.0,208.0,45.0,110.0
172.0,208.0,45.0,110.0
172.0,208.0,45.0,110.0
172.0,208.0,45.0,110.0
2
0
0
0
0
1
246.0,225.0,52.0,93.0
250.0,224.0,52.0,93.0
254.0,223.0,52.0,93.0
258.0,222.0,52.0,93.0
258.0,222.0,52.0,93.0
258.0,222.0,52.0,93.0
258.0,222.0,52.0,93.0
258.0,222.0,52.0,93.0
258.0,222.0,52.0,93.0
258.0,222.0,52.0,93.0
258.0,222.0,52.0,93.0
262.0,221.0,52.0,93.0
262.0,221.0,52.0,93.0
262.0,221.0,52.0,93.0
262.0,221.0,52.0,93.0
262.0,221.0,52.0,93.0
262.0,221.0,52.0,93.0
262.0,221.0,52.0,93.0
262.0,221.0,52.0,93.0
277.0,222.0,52.0,93.0
277.0,222.0,52.0,93.0
277.0,222.0,52.0,93.0
277.0,222.0,52.0,93.0
277.0,222.0,52.0,93.0
277.0,222.0,52.0,93.0
277.0,222.0,52.0,93.0
277.0,222.0,52.0,93.0
272.0,223.0,52.0,93.0
272.0,223.0,52.0,93.0
272.0,223.0,52.0,93.0
272.0,223.0,52.0,93.0
272.0,223.0,52.0,93.0
272.0,223.0,52.0,93.0
272.0,223.0,52.0,93.0
272.0,223.0,52.0,93.0
267.0,224.0,52.0,93.0
267.0,224.0,52.0,93.0
267.0,224.0,52.0,93.0
267.0,224.0,52.0,93.0
267.0,224.0,52.0,93.0
2
0
0
0
0
1
158.0,226.0,59.0,103.0
153.0,226.0,59.0,103.0
148.0,226.0,59.0,103.0
143.0,226.0,59.0,103.0
143.0,226.0,59.0,103.0
143.0,226.0,59.0,103.0
143.0,226.0,59.0,103.0
143.0,226.0,59.0,103.0
143.0,226.0,59.0,103.0
138.0,226.0,59.0,103.0
138.0,226.0,59.0,103.0
138.0,226.0,59.0,103.0
138.0,226.0,59.0,103.0
138.0,226.0,59.0,103.0
138.0,226.0,59.0,103.0
133.0,226.0,59.0,103.0
133.0,226.0,59.0,103.0
133.0,226.0,59.0,103.0
133.0,226.0,59.0,103.0
133.0,226.0,59.0,103.0
133.0,226.0,59.0,103.0
128.0,226.0,59.0,103.0
128.0,226.0,59.0,103.0
128.0,226.0,59.0,103.0
128.0,226.0,59.0,103.0
128.0,226.0,59.0,103.0
128.0,226.0,59.0,103.0
123.0,226.0,59.0,103.0
123.0,226.0,59.0,103.0
123.0,226.0,59.0,103.0
123.0,226.0,59.0,103.0
123.0,226.0,59.0,103.0
123.0,226.0,59.0,103.0
118.0,226.0,59.0,103.0
118.0,226.0,59.0,103.0
118.0,226.0,59.0,103.0
118.0,226.0,59.0,103.0
118.0,226.0,59.0,103.0
118.0,226.0,59.0,103.0
113.0,226.0,59.0,103.0
113.0,226.0,59.0,103.0
113.0,226.0,59.0,103.0
2
0
0
0
0
1
179.0,172.0,58.0,108.0
182.0,171.0,58.0,108.0
185.0,172.0,58.0,108.0
187.0,173.0,58.0,108.0
187.0,173.0,58.0,108.0
187.0,173.0,58.0,108.0
187.0,173.0,58.0,108.0
187.0,173.0,58.0,108.0
187.0,173.0,58.0,108.0
189.0,174.0,58.0,108.0
189.0,174.0,58.0,108.0
189.0,174.0,58.0,108.0
189.0,174.0,58.0,108.0
189.0,174.0,58.0,108.0
189.0,174.0,58.0,108.0
206.0,163.0,58.0,108.0
206.0,163.0,58.0,108.0
206.0,163.0,58.0,108.0
206.0,163.0,58.0,108.0
206.0,163.0,58.0,108.0
206.0,163.0,58.0,108.0
216.0,155.0,58.0,108.0
216.0,155.0,58.0,108.0
216.0,155.0,58.0,108.0
216.0,155.0,58.0,108.0
216.0,155.0,58.0,108.0
216.0,155.0,58.0,108.0
228.0,158.0,58.0,108.0
228.0,158.0,58.0,108.0
228.0,158.0,58.0,108.0
228.0,158.0,58.0,108.0
228.0,158.0,58.0,108.0
228.0,158.0,58.0,108.0
239.0,152.0,58.0,108.0
239.0,152.0,58.0,108.0
239.0,152.0,58.0,108.0
239.0,152.0,58.0,108.0
239.0,152.0,58.0,108.0
239.0,152.0,58.0,108.0
250.0,146.0,58.0,108.0
250.0,146.0,58.0,108.0
250.0,146.0,58.0,108.0
250.0,146.0,58.0,108.0
250.0,146.0,58.0,108.0
250.0,146.0,58.0,108.0
263.0,149.0,58.0,108.0
263.0,149.0,58.0,108.0
263.0,149.0,58.0,108.0
263.0,149.0,58.0,108.0
263.0,149.0,58.0,108.0
263.0,149.0,58.0,108.0
270.0,145.0,58.0,108.0
270.0,145.0,58.0,108.0
270.0,145.0,58.0,108.0
270.0,145.0,58.0,108.0
270.0,145.0,58.0,108.0
270.0,145.0,58.0,108.0
266.0,143.0,58.0,108.0
266.0,143.0,58.0,108.0
266.0,143.0,58.0,108.0
266.0,143.0,58.0,108.0
266.0,143.0,58.0,108.0
266.0,143.0,58.0,108.0
268.0,143.0,58.0,108.0
268.0,143.0,58.0,108.0
268.0,143.0,58.0,108.0
268.0,143.0,58.0,108.0
268.0,143.0,58.0,108.0
268.0,143.0,58.0,108.0
270.0,143.0,58.0,108.0
270.0,143.0,58.0,108.0
270.0,143.0,58.0,108.0
270.0,143.0,58.0,108.0
270.0,143.0,58.0,108.0
270.0,143.0,58.0,108.0
269.0,148.0,58.0,108.0
269.0,148.0,58.0,108.0
269.0,148.0,58.0,108.0
269.0,148.0,58.0,108.0
269.0,148.0,58.0,108.0
269.0,148.0,58.0,108.0
243.0,153.0,58.0,108.0
243.0,153.0,58.0,108.0
243.0,153.0,58.0,108.0
243.0,153.0,58.0,108.0
243.0,153.0,58.0,108.0
243.0,153.0,58.0,108.0
266.0,154.0,58.0,108.0
266.0,154.0,58.0,108.0
266.0,154.0,58.0,108.0
266.0,154.0,58.0,108.0
266.0,154.0,58.0,108.0
266.0,154.0,58.0,108.0
266.0,154.0,58.0,108.0
266.0,154.0,58.0,108.0
266.0,154.0,58.0,108.0
266.0,154.0,58.0,108.0
266.0,154.0,58.0,108.0
266.0,154.0,58.0,108.0
263.0,153.0,60.0,108.0
263.0,153.0,60.0,108.0
263.0,153.0,60.0,108.0
263.0,153.0,60.0,108.0
263.0,153.0,60.0,108.0
263.0,153.0,60.0,108.0
263.0,153.0,60.0,108.0
263.0,153.0,60.0,108.0
248.0,152.0,58.0,108.0
248.0,152.0,58.0,108.0
248.0,152.0,58.0,108.0
248.0,152.0,58.0,108.0
248.0,152.0,58.0,108.0
248.0,152.0,58.0,108.0
238.0,150.0,58.0,108.0
238.0,150.0,58.0,108.0
238.0,150.0,58.0,108.0
238.0,150.0,58.0,108.0
238.0,150.0,58.0,108.0
238.0,150.0,58.0,108.0
228.0,148.0,58.0,108.0
228.0,148.0,58.0,108.0
228.0,148.0,58.0,108.0
228.0,148.0,58.0,108.0
228.0,148.0,58.0,108.0
228.0,148.0,58.0,108.0
218.0,146.0,58.0,108.0
218.0,146.0,58.0,108.0
218.0,146.0,58.0,108.0
218.0,146.0,58.0,108.0
218.0,146.0,58.0,108.0
218.0,146.0,58.0,108.0
208.0,144.0,58.0,108.0
208.0,144.0,58.0,108.0
208.0,144.0,58.0,108.0
208.0,144.0,58.0,108.0
208.0,144.0,58.0,108.0
208.0,144.0,58.0,108.0
198.0,142.0,58.0,108.0
198.0,142.0,58.0,108.0
198.0,142.0,58.0,108.0
198.0,142.0,58.0,108.0
198.0,142.0,58.0,108.0
198.0,142.0,58.0,108.0
2
0
0
0
0
1
183.0,186.0,57.0,107.0
183.0,186.0,57.0,107.0
183.0,185.0,57.0,107.0
183.0,184.0,57.0,107.0
183.0,184.0,57.0,107.0
183.0,184.0,57.0,107.0
183.0,184.0,57.0,107.0
183.0,184.0,57.0,107.0
183.0,184.0,57.0,107.0
183.0,183.0,57.0,107.0
183.0,183.0,57.0,107.0
183.0,183.0,57.0,107.0
183.0,183.0,57.0,107.0
183.0,183.0,57.0,107.0
183.0,183.0,57.0,107.0
183.0,182.0,57.0,107.0
183.0,182.0,57.0,107.0
183.0,182.0,57.0,107.0
183.0,182.0,57.0,107.0
183.0,182.0,57.0,107.0
183.0,182.0,57.0,107.0
183.0,181.0,57.0,107.0
183.0,181.0,57.0,107.0
183.0,181.0,57.0,107.0
183.0,181.0,57.0,107.0
183.0,181.0,57.0,107.0
183.0,181.0,57.0,107.0
183.0,180.0,57.0,107.0
183.0,180.0,57.0,107.0
183.0,180.0,57.0,107.0
183.0,180.0,57.0,107.0
183.0,180.0,57.0,107.0
183.0,180.0,57.0,107.0
183.0,179.0,57.0,107.0
183.0,179.0,57.0,107.0
183.0,179.0,57.0,107.0
183.0,179.0,57.0,107.0
183.0,179.0,57.0,107.0
183.0,179.0,57.0,107.0
183.0,178.0,57.0,107.0
183.0,178.0,57.0,107.0
183.0,178.0,57.0,107.0
2
0
0
0
0
1
125.0,201.0,43.0,130.0
125.0,201.0,43.0,130.0
125.0,201.0,43.0,130.0
125.0,202.0,43.0,130.0
125.0,202.0,43.0,130.0
125.0,202.0,43.0,130.0
125.0,202.0,43.0,130.0
125.0,202.0,43.0,130.0
125.0,202.0,43.0,130.0
125.0,203.0,43.0,130.0
125.0,203.0,43.0,130.0
125.0,203.0,43.0,130.0
125.0,203.0,43.0,130.0
125.0,203.0,43.0,130.0
125.0,203.0,43.0,130.0
125.0,204.0,43.0,130.0
125.0,204.0,43.0,130.0
125.0,204.0,43.0,130.0
125.0,204.0,43.0,130.0
125.0,204.0,43.0,130.0
125.0,204.0,43.0,130.0
125.0,205.0,43.0,130.0
125.0,205.0,43.0,130.0
125.0,205.0,43.0,130.0
125.0,205.0,43.0,130.0
125.0,205.0,43.0,130.0
125.0,205.0,43.0,130.0
125.0,206.0,43.0,130.0
125.0,206.0,43.0,130.0
125.0,206.0,43.0,130.0
125.0,206.0,43.0,130.0
125.0,206.0,43.0,130.0
125.0,206.0,43.0,130.0
125.0,207.0,43.0,130.0
125.0,207.0,43.0,130.0
125.0,207.0,43.0,130.0
125.0,207.0,43.0,130.0
125.0,207.0,43.0,130.0
125.0,207.0,43.0,130.0
125.0,208.0,43.0,130.0
125.0,208.0,43.0,130.0
125.0,208.0,43.0,130.0
125.0,208.0,43.0,130.0
125.0,208.0,43.0,130.0
125.0,208.0,43.0,130.0
125.0,209.0,43.0,130.0
125.0,209.0,43.0,130.0
125.0,209.0,43.0,130.0
125.0,209.0,43.0,130.0
125.0,209.0,43.0,130.0
125.0,209.0,43.0,130.0
125.0,210.0,43.0,130.0
125.0,210.0,43.0,130.0
125.0,210.0,43.0,130.0
125.0,210.0,43.0,130.0
125.0,210.0,43.0,130.0
125.0,210.0,43.0,130.0
125.0,211.0,43.0,130.0
125.0,211.0,43.0,130.0
125.0,211.0,43.0,130.0
125.0,211.0,43.0,130.0
125.0,211.0,43.0,130.0
125.0,211.0,43.0,130.0
125.0,212.0,43.0,130.0
125.0,212.0,43.0,130.0
125.0,212.0,43.0,130.0
125.0,212.0,43.0,130.0
125.0,212.0,43.0,130.0
125.0,212.0,43.0,130.0
125.0,213.0,43.0,130.0
125.0,213.0,43.0,130.0
125.0,213.0,43.0,130.0
125.0,213.0,43.0,130.0
125.0,213.0,43.0,130.0
125.0,213.0,43.0,130.0
125.0,214.0,43.0,130.0
125.0,214.0,43.0,130.0
125.0,214.0,43.0,130.0
125.0,214.0,43.0,130.0
125.0,214.0,43.0,130.0
125.0,214.0,43.0,130.0
125.0,215.0,43.0,130.0
125.0,215.0,43.0,130.0
125.0,215.0,43.0,130.0
125.0,215.0,43.0,130.0
125.0,215.0,43.0,130.0
125.0,215.0,43.0,130.0
125.0,216.0,43.0,130.0
125.0,216.0,43.0,130.0
125.0,216.0,43.0,130.0
125.0,216.0,43.0,130.0
125.0,216.0,43.0,130.0
125.0,216.0,43.0,130.0
157.0,216.0,43.0,130.0
157.0,216.0,43.0,130.0
157.0,216.0,43.0,130.0
157.0,216.0,43.0,130.0
157.0,216.0,43.0,130.0
157.0,216.0,43.0,130.0
159.0,216.0,43.0,130.0
159.0,216.0,43.0,130.0
159.0,216.0,43.0,130.0
159.0,216.0,43.0,130.0
159.0,216.0,43.0,130.0
159.0,216.0,43.0,130.0
163.0,217.0,43.0,130.0
163.0,217.0,43.0,130.0
163.0,217.0,43.0,130.0
163.0,217.0,43.0,130.0
163.0,217.0,43.0,130.0
163.0,217.0,43.0,130.0
167.0,218.0,43.0,130.0
167.0,218.0,43.0,130.0
167.0,218.0,43.0,130.0
167.0,218.0,43.0,130.0
167.0,218.0,43.0,130.0
167.0,218.0,43.0,130.0
171.0,219.0,43.0,130.0
171.0,219.0,43.0,130.0
171.0,219.0,43.0,130.0
171.0,219.0,43.0,130.0
171.0,219.0,43.0,130.0
171.0,219.0,43.0,130.0
175.0,220.0,43.0,130.0
175.0,220.0,43.0,130.0
175.0,220.0,43.0,130.0
175.0,220.0,43.0,130.0
175.0,220.0,43.0,130.0
175.0,220.0,43.0,130.0
179.0,221.0,43.0,130.0
179.0,221.0,43.0,130.0
179.0,221.0,43.0,130.0
179.0,221.0,43.0,130.0
179.0,221.0,43.0,130.0
179.0,221.0,43.0,130.0
219.0,224.0,47.0,130.0
219.0,224.0,47.0,130.0
219.0,224.0,47.0,130.0
219.0,224.0,47.0,130.0
219.0,224.0,47.0,130.0
219.0,224.0,47.0,130.0
218.0,227.0,47.0,130.0
218.0,227.0,47.0,130.0
2
0
0
0
0
1
296.0,218.0,56.0,125.0
302.0,218.0,56.0,125.0
308.0,219.0,56.0,125.0
313.0,220.0,56.0,125.0
313.0,220.0,56.0,125.0
313.0,220.0,56.0,125.0
313.0,220.0,56.0,125.0
313.0,220.0,56.0,125.0
313.0,220.0,56.0,125.0
318.0,221.0,56.0,125.0
2
0
0
0
0
1
401.0,229.0,66.0,116.0
400.0,230.0,66.0,116.0
398.0,230.0,66.0,116.0
396.0,230.0,66.0,116.0
396.0,230.0,66.0,116.0
396.0,230.0,66.0,116.0
396.0,230.0,66.0,116.0
396.0,230.0,66.0,116.0
396.0,230.0,66.0,116.0
394.0,230.0,66.0,116.0
394.0,230.0,66.0,116.0
394.0,230.0,66.0,116.0
394.0,230.0,66.0,116.0
394.0,230.0,66.0,116.0
394.0,230.0,66.0,116.0
392.0,230.0,66.0,116.0
392.0,230.0,66.0,116.0
392.0,230.0,66.0,116.0
392.0,230.0,66.0,116.0
392.0,230.0,66.0,116.0
392.0,230.0,66.0,116.0
390.0,230.0,66.0,116.0
390.0,230.0,66.0,116.0
390.0,230.0,66.0,116.0
390.0,230.0,66.0,116.0
390.0,230.0,66.0,116.0
390.0,230.0,66.0,116.0
388.0,230.0,66.0,116.0
388.0,230.0,66.0,116.0
388.0,230.0,66.0,116.0
2
0
0
0
0
1
345.0,171.0,34.0,111.0
344.0,171.0,34.0,111.0
344.0,172.0,34.0,111.0
344.0,173.0,34.0,111.0
344.0,173.0,34.0,111.0
344.0,173.0,34.0,111.0
344.0,173.0,34.0,111.0
344.0,173.0,34.0,111.0
344.0,173.0,34.0,111.0
344.0,174.0,34.0,111.0
344.0,174.0,34.0,111.0
344.0,174.0,34.0,111.0
344.0,174.0,34.0,111.0
344.0,174.0,34.0,111.0
344.0,174.0,34.0,111.0
344.0,175.0,34.0,111.0
344.0,175.0,34.0,111.0
344.0,175.0,34.0,111.0
344.0,175.0,34.0,111.0
344.0,175.0,34.0,111.0
344.0,175.0,34.0,111.0
344.0,176.0,34.0,111.0
344.0,176.0,34.0,111.0
344.0,176.0,34.0,111.0
344.0,176.0,34.0,111.0
344.0,176.0,34.0,111.0
344.0,176.0,34.0,111.0
344.0,177.0,34.0,111.0
344.0,177.0,34.0,111.0
344.0,177.0,34.0,111.0
344.0,177.0,34.0,111.0
344.0,177.0,34.0,111.0
344.0,177.0,34.0,111.0
344.0,178.0,34.0,111.0
344.0,178.0,34.0,111.0
344.0,178.0,34.0,111.0
344.0,178.0,34.0,111.0
344.0,178.0,34.0,111.0
344.0,178.0,34.0,111.0
344.0,179.0,34.0,111.0
344.0,179.0,34.0,111.0
344.0,179.0,34.0,111.0
344.0,179.0,34.0,111.0
344.0,179.0,34.0,111.0
344.0,179.0,34.0,111.0
2
0
0
0
0
1
290.0,172.0,49.0,115.0
290.0,171.0,49.0,115.0
289.0,170.0,49.0,115.0
289.0,170.0,49.0,115.0
289.0,170.0,49.0,115.0
289.0,170.0,49.0,115.0
289.0,170.0,49.0,115.0
289.0,170.0,49.0,115.0
289.0,170.0,49.0,115.0
289.0,170.0,49.0,115.0
289.0,170.0,49.0,115.0
289.0,170.0,49.0,115.0
289.0,170.0,49.0,115.0
289.0,170.0,49.0,115.0
289.0,170.0,49.0,115.0
289.0,170.0,49.0,115.0
289.0,170.0,49.0,115.0
289.0,170.0,49.0,115.0
289.0,170.0,49.0,115.0
289.0,170.0,49.0,115.0
289.0,170.0,49.0,115.0
289.0,170.0,49.0,115.0
289.0,170.0,49.0,115.0
289.0,170.0,49.0,115.0
289.0,170.0,49.0,115.0
289.0,170.0,49.0,115.0
289.0,170.0,49.0,115.0
289.0,170.0,49.0,115.0
289.0,170.0,49.0,115.0
289.0,170.0,49.0,115.0
289.0,170.0,49.0,115.0
289.0,170.0,49.0,115.0
289.0,170.0,49.0,115.0
289.0,170.0,49.0,115.0
289.0,170.0,49.0,115.0
289.0,170.0,49.0,115.0
289.0,170.0,49.0,115.0
289.0,170.0,49.0,115.0
289.0,170.0,49.0,115.0
325.0,155.0,49.0,115.0
325.0,155.0,49.0,115.0
325.0,155.0,49.0,115.0
325.0,155.0,49.0,115.0
325.0,155.0,49.0,115.0
325.0,155.0,49.0,115.0
328.0,140.0,49.0,115.0
328.0,140.0,49.0,115.0
328.0,140.0,49.0,115.0
328.0,140.0,49.0,115.0
328.0,140.0,49.0,115.0
328.0,140.0,49.0,115.0
331.0,125.0,49.0,115.0
331.0,125.0,49.0,115.0
331.0,125.0,49.0,115.0
331.0,125.0,49.0,115.0
331.0,125.0,49.0,115.0
331.0,125.0,49.0,115.0
334.0,110.0,49.0,115.0
334.0,110.0,49.0,115.0
334.0,110.0,49.0,115.0
334.0,110.0,49.0,115.0
334.0,110.0,49.0,115.0
334.0,110.0,49.0,115.0
337.0,95.0,49.0,115.0
337.0,95.0,49.0,115.0
337.0,95.0,49.0,115.0
337.0,95.0,49.0,115.0
337.0,95.0,49.0,115.0
337.0,95.0,49.0,115.0
340.0,80.0,49.0,115.0
340.0,80.0,49.0,115.0
340.0,80.0,49.0,115.0
340.0,80.0,49.0,115.0
340.0,80.0,49.0,115.0
340.0,80.0,49.0,115.0
343.0,65.0,49.0,115.0
343.0,65.0,49.0,115.0
343.0,65.0,49.0,115.0
343.0,65.0,49.0,115.0
343.0,65.0,49.0,115.0
2
0
0
0
0
1
344.0,206.0,27.0,106.0
344.0,208.0,27.0,106.0
345.0,209.0,27.0,106.0
345.0,210.0,27.0,106.0
345.0,210.0,27.0,106.0
345.0,210.0,27.0,106.0
345.0,210.0,27.0,106.0
345.0,210.0,27.0,106.0
345.0,210.0,27.0,106.0
345.0,211.0,27.0,106.0
345.0,211.0,27.0,106.0
345.0,211.0,27.0,106.0
345.0,211.0,27.0,106.0
345.0,211.0,27.0,106.0
345.0,211.0,27.0,106.0
345.0,212.0,27.0,106.0
345.0,212.0,27.0,106.0
345.0,212.0,27.0,106.0
345.0,212.0,27.0,106.0
345.0,212.0,27.0,106.0
345.0,212.0,27.0,106.0
345.0,213.0,27.0,106.0
345.0,213.0,27.0,106.0
345.0,213.0,27.0,106.0
345.0,213.0,27.0,106.0
345.0,213.0,27.0,106.0
345.0,213.0,27.0,106.0
345.0,214.0,27.0,106.0
345.0,214.0,27.0,106.0
345.0,214.0,27.0,106.0
345.0,214.0,27.0,106.0
345.0,214.0,27.0,106.0
345.0,214.0,27.0,106.0
345.0,215.0,27.0,106.0
345.0,215.0,27.0,106.0
345.0,215.0,27.0,106.0
345.0,215.0,27.0,106.0
345.0,215.0,27.0,106.0
345.0,215.0,27.0,106.0
345.0,216.0,27.0,106.0
345.0,216.0,27.0,106.0
345.0,216.0,27.0,106.0
345.0,216.0,27.0,106.0
345.0,216.0,27.0,106.0
345.0,216.0,27.0,106.0
340.0,220.0,27.0,106.0
340.0,220.0,27.0,106.0
340.0,220.0,27.0,106.0
340.0,220.0,27.0,106.0
340.0,220.0,27.0,106.0
340.0,220.0,27.0,106.0
2
0
0
0
0
1
337.0,209.0,30.0,91.0
336.0,208.0,30.0,91.0
334.0,206.0,30.0,91.0
332.0,204.0,30.0,91.0
332.0,204.0,30.0,91.0
332.0,204.0,30.0,91.0
332.0,204.0,30.0,91.0
