1
330.0,161.0,38.0,50.0
328.0,161.0,38.0,50.0
325.0,160.0,38.0,50.0
328.0,161.0,38.0,50.0
331.0,162.0,38.0,50.0
334.0,163.0,38.0,50.0
337.0,164.0,38.0,50.0
340.0,165.0,38.0,50.0
343.0,166.0,38.0,50.0
346.0,167.0,38.0,50.0
349.0,168.0,38.0,50.0
352.0,169.0,38.0,50.0
2
0
0
0
0
1
328.0,168.0,27.0,64.0
315.0,167.0,27.0,64.0
309.0,165.0,27.0,64.0
303.0,162.0,27.0,64.0
2
0
0
0
0
1
325.0,156.0,31.0,66.0
325.0,156.0,31.0,66.0
325.0,156.0,31.0,66.0
325.0,156.0,31.0,66.0
325.0,156.0,31.0,66.0
325.0,156.0,31.0,66.0
325.0,156.0,31.0,66.0
325.0,156.0,31.0,66.0
325.0,156.0,31.0,66.0
325.0,156.0,31.0,66.0
325.0,156.0,31.0,66.0
325.0,156.0,31.0,66.0
325.0,156.0,31.0,66.0
325.0,156.0,31.0,66.0
325.0,156.0,31.0,66.0
325.0,156.0,31.0,66.0
325.0,156.0,31.0,66.0
325.0,156.0,31.0,66.0
325.0,156.0,31.0,66.0
325.0,156.0,31.0,66.0
328.0,155.0,31.0,66.0
329.0,154.0,31.0,66.0
330.0,154.0,31.0,66.0
330.0,154.0,31.0,66.0
330.0,154.0,31.0,66.0
330.0,154.0,31.0,66.0
330.0,154.0,31.0,66.0
329.0,154.0,31.0,66.0
329.0,154.0,31.0,66.0
327.0,154.0,31.0,66.0
329.0,155.0,31.0,66.0
330.0,155.0,31.0,66.0
330.0,155.0,31.0,66.0
329.0,155.0,31.0,66.0
327.0,154.0,31.0,66.0
324.0,153.0,31.0,66.0
321.0,151.0,31.0,66.0
319.0,151.0,31.0,66.0
317.0,152.0,31.0,66.0
315.0,152.0,31.0,66.0
313.0,152.0,31.0,66.0
313.0,152.0,31.0,66.0
314.0,152.0,31.0,66.0
316.0,152.0,31.0,66.0
317.0,152.0,31.0,66.0
318.0,152.0,31.0,66.0
319.0,152.0,31.0,66.0
320.0,152.0,31.0,66.0
321.0,152.0,31.0,66.0
322.0,152.0,31.0,66.0
319.0,157.0,31.0,66.0
319.0,157.0,31.0,66.0
320.0,157.0,31.0,66.0
320.0,157.0,31.0,66.0
319.0,157.0,31.0,66.0
319.0,157.0,31.0,66.0
319.0,157.0,31.0,66.0
319.0,157.0,31.0,66.0
319.0,157.0,31.0,66.0
320.0,157.0,33.0,66.0
322.0,158.0,31.0,66.0
323.0,159.0,31.0,66.0
325.0,159.0,31.0,66.0
327.0,158.0,31.0,66.0
328.0,158.0,31.0,66.0
329.0,158.0,31.0,66.0
330.0,158.0,31.0,66.0
331.0,158.0,31.0,66.0
333.0,157.0,33.0,66.0
333.0,157.0,33.0,66.0
333.0,157.0,33.0,66.0
335.0,158.0,31.0,66.0
336.0,158.0,31.0,66.0
336.0,157.0,31.0,66.0
336.0,157.0,31.0,66.0
336.0,156.0,31.0,66.0
336.0,155.0,31.0,66.0
336.0,154.0,31.0,66.0
336.0,153.0,31.0,66.0
341.0,158.0,31.0,66.0
342.0,159.0,31.0,66.0
343.0,160.0,31.0,66.0
345.0,160.0,31.0,66.0
348.0,160.0,31.0,66.0
351.0,159.0,31.0,66.0
353.0,159.0,31.0,66.0
355.0,159.0,31.0,66.0
357.0,159.0,31.0,66.0
359.0,159.0,31.0,66.0
361.0,159.0,31.0,66.0
363.0,159.0,31.0,66.0
351.0,159.0,31.0,66.0
350.0,159.0,31.0,66.0
349.0,159.0,31.0,66.0
348.0,159.0,31.0,66.0
347.0,159.0,31.0,66.0
345.0,153.0,31.0,66.0
345.0,153.0,31.0,66.0
344.0,152.0,31.0,66.0
344.0,152.0,31.0,66.0
341.0,151.0,31.0,66.0
339.0,151.0,31.0,66.0
2
0
0
0
0
1
377.0,152.0,41.0,98.0
378.0,153.0,41.0,98.0
378.0,154.0,43.0,98.0
379.0,154.0,43.0,98.0
380.0,155.0,41.0,98.0
381.0,156.0,41.0,98.0
382.0,157.0,41.0,98.0
383.0,158.0,41.0,98.0
384.0,159.0,41.0,98.0
385.0,160.0,41.0,98.0
397.0,161.0,41.0,98.0
398.0,161.0,41.0,98.0
404.0,161.0,41.0,98.0
405.0,160.0,41.0,98.0
405.0,160.0,41.0,98.0
405.0,159.0,41.0,98.0
406.0,158.0,41.0,98.0
407.0,158.0,41.0,98.0
408.0,158.0,41.0,98.0
407.0,157.0,41.0,98.0
406.0,157.0,41.0,98.0
405.0,157.0,41.0,98.0
405.0,157.0,41.0,98.0
405.0,157.0,41.0,98.0
405.0,157.0,41.0,98.0
405.0,157.0,41.0,98.0
405.0,157.0,41.0,98.0
405.0,157.0,41.0,98.0
405.0,157.0,41.0,98.0
405.0,157.0,41.0,98.0
405.0,157.0,41.0,98.0
405.0,157.0,41.0,98.0
405.0,157.0,41.0,98.0
405.0,157.0,41.0,98.0
2
0
0
0
0
1
465.0,155.0,29.0,70.0
466.0,154.0,29.0,70.0
468.0,153.0,29.0,70.0
468.0,153.0,29.0,70.0
468.0,153.0,29.0,70.0
468.0,153.0,29.0,70.0
468.0,153.0,29.0,70.0
468.0,153.0,29.0,70.0
468.0,153.0,29.0,70.0
468.0,153.0,29.0,70.0
468.0,153.0,29.0,70.0
468.0,153.0,29.0,70.0
468.0,153.0,29.0,70.0
468.0,153.0,29.0,70.0
468.0,153.0,29.0,70.0
468.0,153.0,29.0,70.0
468.0,153.0,29.0,70.0
468.0,153.0,29.0,70.0
468.0,153.0,29.0,70.0
468.0,153.0,29.0,70.0
468.0,153.0,29.0,70.0
468.0,153.0,29.0,70.0
468.0,153.0,29.0,70.0
468.0,153.0,29.0,70.0
468.0,153.0,29.0,70.0
468.0,153.0,29.0,70.0
468.0,153.0,29.0,70.0
468.0,153.0,29.0,70.0
468.0,153.0,29.0,70.0
468.0,153.0,29.0,70.0
468.0,153.0,29.0,70.0
468.0,153.0,29.0,70.0
468.0,153.0,29.0,70.0
468.0,153.0,29.0,70.0
468.0,153.0,29.0,70.0
468.0,153.0,29.0,70.0
468.0,153.0,29.0,70.0
468.0,153.0,29.0,70.0
468.0,153.0,29.0,70.0
468.0,153.0,29.0,70.0
468.0,153.0,29.0,70.0
468.0,153.0,29.0,70.0
2
0
0
0
0
1
442.0,146.0,44.0,83.0
416.0,146.0,44.0,83.0
2
0
0
0
0
1
2
0
0
0
0
1
494.0,135.0,33.0,84.0
501.0,133.0,33.0,84.0
504.0,132.0,33.0,84.0
510.0,130.0,33.0,84.0
519.0,128.0,33.0,84.0
524.0,126.0,33.0,84.0
527.0,125.0,33.0,84.0
531.0,123.0,33.0,84.0
534.0,121.0,33.0,84.0
534.0,123.0,33.0,84.0
534.0,123.0,33.0,84.0
534.0,121.0,33.0,84.0
533.0,120.0,33.0,84.0
531.0,119.0,33.0,84.0
529.0,117.0,33.0,84.0
527.0,116.0,33.0,84.0
525.0,116.0,33.0,84.0
523.0,118.0,33.0,84.0
521.0,117.0,33.0,84.0
519.0,117.0,33.0,84.0
517.0,117.0,33.0,84.0
515.0,117.0,33.0,84.0
513.0,118.0,33.0,84.0
509.0,115.0,33.0,84.0
507.0,113.0,33.0,84.0
506.0,112.0,33.0,84.0
503.0,110.0,33.0,84.0
500.0,108.0,33.0,84.0
497.0,106.0,33.0,84.0
494.0,104.0,33.0,84.0
491.0,102.0,33.0,84.0
488.0,100.0,33.0,84.0
485.0,98.0,33.0,84.0
482.0,96.0,33.0,84.0
487.0,98.0,33.0,84.0
485.0,96.0,33.0,84.0
484.0,93.0,33.0,84.0
483.0,91.0,33.0,84.0
482.0,89.0,33.0,84.0
482.0,87.0,33.0,84.0
483.0,89.0,33.0,84.0
485.0,91.0,33.0,84.0
485.0,89.0,33.0,84.0
485.0,86.0,33.0,84.0
485.0,84.0,33.0,84.0
486.0,84.0,33.0,84.0
488.0,85.0,33.0,84.0
489.0,86.0,33.0,84.0
489.0,85.0,33.0,84.0
490.0,83.0,33.0,84.0
491.0,79.0,33.0,84.0
491.0,78.0,33.0,84.0
490.0,78.0,33.0,84.0
490.0,80.0,33.0,84.0
491.0,82.0,33.0,84.0
490.0,81.0,33.0,84.0
489.0,81.0,33.0,84.0
487.0,82.0,33.0,84.0
486.0,83.0,33.0,84.0
484.0,84.0,33.0,84.0
480.0,84.0,33.0,84.0
476.0,82.0,33.0,84.0
471.0,81.0,33.0,84.0
466.0,80.0,33.0,84.0
463.0,83.0,33.0,84.0
459.0,84.0,33.0,84.0
455.0,85.0,33.0,84.0
451.0,86.0,33.0,84.0
448.0,89.0,35.0,84.0
442.0,89.0,33.0,84.0
439.0,89.0,33.0,84.0
437.0,90.0,33.0,84.0
434.0,92.0,33.0,84.0
435.0,92.0,33.0,84.0
433.0,91.0,33.0,84.0
432.0,92.0,33.0,84.0
429.0,95.0,33.0,84.0
426.0,98.0,33.0,84.0
423.0,101.0,33.0,84.0
420.0,104.0,33.0,84.0
417.0,107.0,33.0,84.0
414.0,110.0,33.0,84.0
429.0,92.0,35.0,84.0
429.0,93.0,33.0,84.0
428.0,94.0,33.0,84.0
427.0,95.0,33.0,84.0
425.0,92.0,33.0,84.0
423.0,92.0,33.0,84.0
421.0,92.0,33.0,84.0
419.0,92.0,33.0,84.0
416.0,94.0,33.0,84.0
414.0,95.0,33.0,84.0
412.0,96.0,33.0,84.0
410.0,97.0,33.0,84.0
408.0,98.0,33.0,84.0
406.0,99.0,33.0,84.0
404.0,100.0,33.0,84.0
402.0,101.0,33.0,84.0
400.0,102.0,33.0,84.0
398.0,103.0,33.0,84.0
396.0,104.0,33.0,84.0
394.0,105.0,33.0,84.0
392.0,106.0,33.0,84.0
390.0,107.0,33.0,84.0
388.0,108.0,33.0,84.0
386.0,109.0,33.0,84.0
384.0,110.0,33.0,84.0
382.0,111.0,33.0,84.0
380.0,112.0,33.0,84.0
378.0,113.0,33.0,84.0
2
