1
166.0,66.0,88.0,64.0
166.0,66.0,88.0,64.0
166.0,66.0,88.0,64.0
2
0
0
0
0
1
121.0,116.0,87.0,67.0
155.0,97.0,87.0,67.0
184.0,98.0,87.0,67.0
204.0,104.0,87.0,67.0
204.0,104.0,87.0,67.0
204.0,104.0,87.0,67.0
2
0
0
0
0
1
370.0,158.0,103.0,92.0
369.0,165.0,103.0,92.0
371.0,166.0,103.0,92.0
365.0,161.0,103.0,92.0
365.0,161.0,103.0,92.0
365.0,161.0,103.0,92.0
365.0,161.0,103.0,92.0
2
0
0
0
0
1
197.0,134.0,71.0,71.0
197.0,134.0,71.0,71.0
175.0,136.0,71.0,71.0
175.0,136.0,71.0,71.0
175.0,136.0,71.0,71.0
175.0,136.0,71.0,71.0
175.0,136.0,71.0,71.0
175.0,136.0,71.0,71.0
175.0,136.0,71.0,71.0
175.0,136.0,71.0,71.0
175.0,136.0,71.0,71.0
2
0
0
0
0
1
308.0,140.0,58.0,57.0
310.0,142.0,58.0,57.0
310.0,142.0,58.0,57.0
310.0,142.0,58.0,57.0
310.0,142.0,58.0,57.0
310.0,142.0,58.0,57.0
304.0,141.0,58.0,57.0
304.0,141.0,58.0,57.0
304.0,141.0,58.0,57.0
306.0,135.0,58.0,57.0
306.0,135.0,58.0,57.0
306.0,135.0,58.0,57.0
306.0,135.0,58.0,57.0
306.0,135.0,58.0,57.0
306.0,135.0,58.0,57.0
306.0,135.0,58.0,57.0
306.0,135.0,58.0,57.0
306.0,135.0,58.0,57.0
306.0,135.0,58.0,57.0
306.0,135.0,58.0,57.0
306.0,135.0,58.0,57.0
306.0,135.0,58.0,57.0
306.0,135.0,58.0,57.0
306.0,135.0,58.0,57.0
306.0,135.0,58.0,57.0
306.0,135.0,58.0,57.0
306.0,135.0,58.0,57.0
306.0,135.0,58.0,57.0
306.0,135.0,58.0,57.0
306.0,135.0,58.0,57.0
2
0
0
0
0
1
264.0,150.0,57.0,57.0
273.0,169.0,57.0,57.0
275.0,173.0,57.0,57.0
275.0,173.0,57.0,57.0
2
0
0
0
0
1
2
0
0
0
0
1
309.0,231.0,36.0,65.0
2
0
0
0
0
1
171.0,204.0,43.0,60.0
183.0,208.0,43.0,60.0
203.0,212.0,43.0,60.0
228.0,214.0,43.0,60.0
228.0,214.0,43.0,60.0
2
0
0
0
0
1
341.0,206.0,36.0,88.0
341.0,206.0,36.0,88.0
341.0,206.0,36.0,88.0
2
0
0
0
0
1
2
0
0
0
0
1
302.0,185.0,71.0,83.0
300.0,184.0,71.0,83.0
295.0,183.0,71.0,83.0
292.0,178.0,71.0,83.0
292.0,178.0,71.0,83.0
292.0,178.0,71.0,83.0
292.0,178.0,71.0,83.0
292.0,178.0,71.0,83.0
292.0,178.0,71.0,83.0
292.0,178.0,71.0,83.0
292.0,178.0,71.0,83.0
292.0,178.0,71.0,83.0
292.0,178.0,71.0,83.0
292.0,178.0,71.0,83.0
292.0,178.0,71.0,83.0
292.0,178.0,71.0,83.0
292.0,178.0,71.0,83.0
292.0,178.0,71.0,83.0
292.0,178.0,71.0,83.0
292.0,178.0,71.0,83.0
292.0,178.0,71.0,83.0
2
0
0
0
0
1
366.0,180.0,71.0,56.0
370.0,176.0,71.0,56.0
369.0,174.0,71.0,56.0
365.0,175.0,71.0,56.0
365.0,175.0,71.0,56.0
365.0,175.0,71.0,56.0
365.0,175.0,71.0,56.0
365.0,175.0,71.0,56.0
365.0,175.0,71.0,56.0
365.0,175.0,71.0,56.0
365.0,175.0,71.0,56.0
