1
329.0,162.0,38.11000061035156,50.880001068115234
327.0,161.0,38.11000061035156,50.880001068115234
324.0,160.0,38.11000061035156,50.880001068115234
320.0,160.0,38.11000061035156,50.880001068115234
2
0
0
0
0
1
329.0,164.0,29.68000030517578,59.459999084472656
327.0,164.0,29.68000030517578,59.459999084472656
2
0
0
0
0
1
2
0
0
0
0
1
323.0,160.0,30.459999084472656,68.36000061035156
317.0,158.0,30.459999084472656,68.36000061035156
311.0,156.0,30.459999084472656,68.36000061035156
2
0
0
0
0
1
327.0,158.0,27.739999771118164,61.650001525878906
327.0,160.0,27.739999771118164,61.650001525878906
2
0
0
0
0
1
331.0,154.0,25.84000015258789,69.87000274658203
329.0,154.0,25.84000015258789,69.87000274658203
2
0
0
0
0
1
2
0
0
0
0
1
334.0,149.0,32.40999984741211,74.20999908447266
334.0,149.0,32.40999984741211,74.20999908447266
333.0,149.0,32.40999984741211,74.20999908447266
2
0
0
0
0
1
327.0,148.0,28.639999389648438,73.69000244140625
325.0,148.0,28.639999389648438,73.69000244140625
323.0,148.0,28.639999389648438,73.69000244140625
321.0,148.0,28.639999389648438,73.69000244140625
319.0,148.0,28.639999389648438,73.69000244140625
319.0,148.0,28.639999389648438,73.69000244140625
319.0,148.0,28.639999389648438,73.69000244140625
321.0,149.0,28.639999389648438,73.69000244140625
321.0,149.0,28.639999389648438,73.69000244140625
322.0,149.0,28.639999389648438,73.69000244140625
322.0,149.0,28.639999389648438,73.69000244140625
322.0,149.0,28.639999389648438,73.69000244140625
321.0,149.0,28.639999389648438,73.69000244140625
320.0,149.0,28.639999389648438,73.69000244140625
319.0,149.0,28.639999389648438,73.69000244140625
319.0,149.0,28.639999389648438,73.69000244140625
319.0,149.0,28.639999389648438,73.69000244140625
318.0,149.0,28.639999389648438,73.69000244140625
318.0,149.0,28.639999389648438,73.69000244140625
318.0,149.0,28.639999389648438,73.69000244140625
318.0,149.0,28.639999389648438,73.69000244140625
321.0,150.0,28.639999389648438,73.69000244140625
321.0,150.0,28.639999389648438,73.69000244140625
321.0,150.0,28.639999389648438,73.69000244140625
321.0,150.0,28.639999389648438,73.69000244140625
321.0,150.0,28.639999389648438,73.69000244140625
323.0,150.0,28.639999389648438,73.69000244140625
324.0,150.0,28.639999389648438,73.69000244140625
326.0,150.0,28.639999389648438,73.69000244140625
328.0,150.0,28.639999389648438,73.69000244140625
330.0,150.0,28.639999389648438,73.69000244140625
332.0,150.0,28.639999389648438,73.69000244140625
2
0
0
0
0
1
339.0,145.0,28.700000762939453,73.08000183105469
339.0,144.0,28.700000762939453,73.08000183105469
341.0,145.0,28.700000762939453,73.08000183105469
342.0,146.0,28.700000762939453,73.08000183105469
342.0,146.0,28.700000762939453,73.08000183105469
342.0,146.0,28.700000762939453,73.08000183105469
343.0,147.0,28.700000762939453,73.08000183105469
345.0,148.0,28.700000762939453,73.08000183105469
346.0,148.0,28.700000762939453,73.08000183105469
2
0
0
0
0
1
362.0,149.0,23.780000686645508,77.6500015258789
362.0,149.0,23.780000686645508,77.6500015258789
2
0
0
0
0
1
357.0,145.0,47.13999938964844,95.26000213623047
356.0,145.0,47.13999938964844,95.26000213623047
356.0,145.0,47.13999938964844,95.26000213623047
355.0,145.0,47.13999938964844,95.26000213623047
356.0,146.0,47.13999938964844,95.26000213623047
358.0,147.0,47.13999938964844,95.26000213623047
358.0,147.0,47.13999938964844,95.26000213623047
358.0,147.0,47.13999938964844,95.26000213623047
358.0,147.0,47.13999938964844,95.26000213623047
358.0,147.0,47.13999938964844,95.26000213623047
358.0,147.0,47.13999938964844,95.26000213623047
358.0,147.0,47.13999938964844,95.26000213623047
358.0,147.0,47.13999938964844,95.26000213623047
357.0,147.0,47.13999938964844,95.26000213623047
357.0,147.0,47.13999938964844,95.26000213623047
357.0,147.0,47.13999938964844,95.26000213623047
356.0,147.0,47.13999938964844,95.26000213623047
355.0,147.0,47.13999938964844,95.26000213623047
353.0,147.0,47.13999938964844,95.26000213623047
353.0,148.0,47.13999938964844,95.26000213623047
353.0,148.0,47.13999938964844,95.26000213623047
353.0,148.0,47.13999938964844,95.26000213623047
354.0,148.0,47.13999938964844,95.26000213623047
2
0
0
0
0
1
2
0
0
0
0
1
405.0,159.0,33.04999923706055,82.68000030517578
406.0,160.0,33.04999923706055,82.68000030517578
408.0,161.0,33.04999923706055,82.68000030517578
411.0,162.0,33.04999923706055,82.68000030517578
414.0,163.0,33.04999923706055,82.68000030517578
418.0,163.0,33.04999923706055,82.68000030517578
422.0,163.0,33.04999923706055,82.68000030517578
435.0,164.0,33.04999923706055,82.68000030517578
439.0,164.0,33.04999923706055,82.68000030517578
441.0,164.0,33.04999923706055,82.68000030517578
443.0,163.0,33.04999923706055,82.68000030517578
447.0,162.0,33.04999923706055,82.68000030517578
450.0,162.0,33.04999923706055,82.68000030517578
452.0,162.0,33.04999923706055,82.68000030517578
454.0,161.0,33.04999923706055,82.68000030517578
456.0,159.0,33.04999923706055,82.68000030517578
457.0,157.0,33.04999923706055,82.68000030517578
458.0,156.0,33.04999923706055,82.68000030517578
461.0,155.0,33.04999923706055,82.68000030517578
461.0,155.0,33.04999923706055,82.68000030517578
460.0,155.0,33.04999923706055,82.68000030517578
444.0,153.0,33.04999923706055,82.68000030517578
2
0
0
0
0
1
464.0,161.0,44.790000915527344,78.36000061035156
465.0,162.0,44.790000915527344,78.36000061035156
459.0,162.0,44.790000915527344,78.36000061035156
457.0,163.0,44.790000915527344,78.36000061035156
456.0,163.0,44.790000915527344,78.36000061035156
454.0,163.0,44.790000915527344,78.36000061035156
452.0,163.0,44.790000915527344,78.36000061035156
451.0,163.0,44.790000915527344,78.36000061035156
451.0,163.0,44.790000915527344,78.36000061035156
451.0,163.0,44.790000915527344,78.36000061035156
451.0,162.0,44.790000915527344,78.36000061035156
452.0,161.0,44.790000915527344,78.36000061035156
452.0,161.0,44.790000915527344,78.36000061035156
452.0,160.0,44.790000915527344,78.36000061035156
452.0,158.0,44.790000915527344,78.36000061035156
452.0,157.0,44.790000915527344,78.36000061035156
452.0,156.0,44.790000915527344,78.36000061035156
451.0,154.0,44.790000915527344,78.36000061035156
450.0,152.0,44.790000915527344,78.36000061035156
450.0,151.0,44.790000915527344,78.36000061035156
448.0,150.0,44.790000915527344,78.36000061035156
448.0,150.0,44.790000915527344,78.36000061035156
447.0,150.0,44.790000915527344,78.36000061035156
447.0,150.0,44.790000915527344,78.36000061035156
447.0,150.0,44.790000915527344,78.36000061035156
446.0,150.0,44.790000915527344,78.36000061035156
446.0,150.0,44.790000915527344,78.36000061035156
446.0,149.0,44.790000915527344,78.36000061035156
447.0,149.0,44.790000915527344,78.36000061035156
447.0,149.0,44.790000915527344,78.36000061035156
410.0,148.0,44.790000915527344,78.36000061035156
2
0
0
0
0
1
424.0,150.0,30.309999465942383,79.9800033569336
2
0
0
0
0
1
416.0,144.0,37.709999084472656,82.02999877929688
2
0
0
0
0
1
501.0,130.0,35.060001373291016,63.40999984741211
504.0,129.0,35.060001373291016,63.40999984741211
510.0,127.0,35.060001373291016,63.40999984741211
519.0,124.0,35.060001373291016,63.40999984741211
524.0,122.0,35.060001373291016,63.40999984741211
526.0,121.0,35.060001373291016,63.40999984741211
530.0,119.0,35.060001373291016,63.40999984741211
533.0,116.0,35.060001373291016,63.40999984741211
533.0,118.0,35.060001373291016,63.40999984741211
533.0,118.0,35.060001373291016,63.40999984741211
532.0,116.0,35.060001373291016,63.40999984741211
532.0,115.0,35.060001373291016,63.40999984741211
530.0,114.0,35.060001373291016,63.40999984741211
528.0,113.0,35.060001373291016,63.40999984741211
526.0,112.0,35.060001373291016,63.40999984741211
524.0,111.0,35.060001373291016,63.40999984741211
522.0,110.0,35.060001373291016,63.40999984741211
520.0,109.0,35.060001373291016,63.40999984741211
518.0,108.0,35.060001373291016,63.40999984741211
516.0,107.0,35.060001373291016,63.40999984741211
514.0,106.0,35.060001373291016,63.40999984741211
511.0,105.0,35.060001373291016,63.40999984741211
507.0,101.0,35.060001373291016,63.40999984741211
505.0,99.0,35.060001373291016,63.40999984741211
503.0,98.0,35.060001373291016,63.40999984741211
501.0,95.0,35.060001373291016,63.40999984741211
497.0,90.0,35.060001373291016,63.40999984741211
495.0,86.0,35.060001373291016,63.40999984741211
494.0,84.0,35.060001373291016,63.40999984741211
492.0,80.0,35.060001373291016,63.40999984741211
488.0,73.0,35.060001373291016,63.40999984741211
484.0,69.0,35.060001373291016,63.40999984741211
482.0,67.0,35.060001373291016,63.40999984741211
477.0,60.0,35.060001373291016,63.40999984741211
473.0,56.0,35.060001373291016,63.40999984741211
469.0,52.0,35.060001373291016,63.40999984741211
2
0
0
0
0
1
486.0,83.0,28.520000457763672,66.99800109863281
486.0,81.0,28.520000457763672,66.99800109863281
486.0,80.0,28.520000457763672,66.99800109863281
487.0,81.0,28.520000457763672,66.99800109863281
488.0,81.0,28.520000457763672,66.99800109863281
488.0,80.0,28.520000457763672,66.99800109863281
488.0,77.0,28.520000457763672,66.99800109863281
489.0,75.0,28.520000457763672,66.99800109863281
490.0,74.0,28.520000457763672,66.99800109863281
490.0,73.0,28.520000457763672,66.99800109863281
490.0,74.0,28.520000457763672,66.99800109863281
2
0
0
0
0
1
476.0,82.0,32.709999084472656,73.0510025024414
472.0,78.0,32.709999084472656,73.0510025024414
467.0,76.0,32.709999084472656,73.0510025024414
461.0,74.0,32.709999084472656,73.0510025024414
453.0,73.0,32.709999084472656,73.0510025024414
444.0,75.0,32.709999084472656,73.0510025024414
434.0,79.0,32.709999084472656,73.0510025024414
425.0,83.0,32.709999084472656,73.0510025024414
416.0,87.0,32.709999084472656,73.0510025024414
2
0
0
0
0
1
431.0,92.0,37.439998626708984,72.822998046875
427.0,95.0,37.439998626708984,72.822998046875
425.0,95.0,37.439998626708984,72.822998046875
425.0,96.0,37.439998626708984,72.822998046875
424.0,97.0,37.439998626708984,72.822998046875
422.0,100.0,37.439998626708984,72.822998046875
422.0,100.0,37.439998626708984,72.822998046875
422.0,100.0,37.439998626708984,72.822998046875
420.0,100.0,37.439998626708984,72.822998046875
418.0,101.0,37.439998626708984,72.822998046875
417.0,103.0,37.439998626708984,72.822998046875
415.0,108.0,37.439998626708984,72.822998046875
413.0,109.0,37.439998626708984,72.822998046875
412.0,112.0,37.439998626708984,72.822998046875
411.0,115.0,37.439998626708984,72.822998046875
408.0,119.0,37.439998626708984,72.822998046875
406.0,121.0,37.439998626708984,72.822998046875
2
0
0
0
0
1
405.0,93.0,23.43000030517578,65.11799621582031
2
0
0
0
0
1
383.0,93.0,31.31999969482422,60.750999450683594
378.0,94.0,31.31999969482422,60.750999450683594
375.0,94.0,31.31999969482422,60.750999450683594
372.0,94.0,31.31999969482422,60.750999450683594
372.0,94.0,31.31999969482422,60.750999450683594
372.0,94.0,31.31999969482422,60.750999450683594
