1
329.0,113.0,81.0,15.0
319.0,114.0,81.0,15.0
319.0,115.0,81.0,15.0
316.0,116.0,81.0,15.0
317.0,117.0,81.0,15.0
314.0,117.0,81.0,15.0
311.0,117.0,81.0,15.0
308.0,117.0,81.0,15.0
305.0,117.0,81.0,15.0
302.0,117.0,81.0,15.0
299.0,117.0,81.0,15.0
296.0,117.0,81.0,15.0
293.0,117.0,81.0,15.0
290.0,117.0,81.0,15.0
2
0
0
0
0
1
280.0,17.0,23.0,81.0
281.0,18.0,23.0,81.0
282.0,19.0,23.0,81.0
283.0,20.0,23.0,81.0
284.0,21.0,23.0,81.0
285.0,22.0,23.0,81.0
286.0,23.0,23.0,81.0
287.0,24.0,23.0,81.0
288.0,25.0,23.0,81.0
289.0,26.0,23.0,81.0
290.0,27.0,23.0,81.0
291.0,28.0,23.0,81.0
292.0,29.0,23.0,81.0
293.0,30.0,23.0,81.0
294.0,31.0,23.0,81.0
295.0,32.0,23.0,81.0
296.0,33.0,23.0,81.0
297.0,34.0,23.0,81.0
298.0,35.0,23.0,81.0
299.0,36.0,23.0,81.0
300.0,37.0,23.0,81.0
301.0,38.0,23.0,81.0
302.0,39.0,23.0,81.0
303.0,40.0,23.0,81.0
304.0,41.0,23.0,81.0
2
0
0
0
0
1
229.0,78.0,57.0,85.0
228.0,79.0,57.0,85.0
242.0,71.0,57.0,85.0
249.0,70.0,57.0,85.0
256.0,69.0,57.0,85.0
264.0,68.0,57.0,85.0
272.0,67.0,57.0,85.0
2
0
0
0
0
1
219.0,149.0,26.0,88.0
220.0,151.0,26.0,88.0
223.0,146.0,26.0,88.0
226.0,143.0,26.0,88.0
229.0,140.0,26.0,88.0
232.0,137.0,26.0,88.0
235.0,134.0,26.0,88.0
238.0,131.0,26.0,88.0
241.0,128.0,26.0,88.0
2
0
0
0
0
1
222.0,225.0,46.0,86.0
223.0,225.0,46.0,86.0
228.0,233.0,46.0,86.0
231.0,237.0,46.0,86.0
234.0,241.0,46.0,86.0
237.0,245.0,46.0,86.0
240.0,249.0,46.0,86.0
243.0,253.0,46.0,86.0
246.0,257.0,46.0,86.0
249.0,261.0,46.0,86.0
252.0,265.0,46.0,86.0
255.0,269.0,46.0,86.0
244.0,270.0,46.0,86.0
246.0,273.0,46.0,86.0
249.0,273.0,46.0,86.0
251.0,266.0,46.0,86.0
253.0,259.0,46.0,86.0
255.0,252.0,46.0,86.0
2
0
0
0
0
1
245.0,376.0,35.0,84.0
245.0,376.0,35.0,84.0
243.0,378.0,37.0,84.0
244.0,379.0,35.0,84.0
244.0,379.0,35.0,84.0
243.0,379.0,37.0,84.0
243.0,379.0,37.0,84.0
243.0,379.0,37.0,84.0
243.0,379.0,37.0,84.0
243.0,379.0,37.0,84.0
243.0,379.0,37.0,84.0
243.0,379.0,37.0,84.0
243.0,379.0,37.0,84.0
243.0,379.0,37.0,84.0
243.0,379.0,37.0,84.0
243.0,379.0,37.0,84.0
243.0,379.0,37.0,84.0
243.0,379.0,37.0,84.0
2
0
0
0
0
1
260.0,496.0,25.0,82.0
261.0,492.0,25.0,82.0
262.0,486.0,25.0,82.0
263.0,482.0,25.0,82.0
263.0,482.0,25.0,82.0
262.0,484.0,27.0,82.0
262.0,486.0,27.0,82.0
262.0,488.0,27.0,82.0
262.0,490.0,27.0,82.0
258.0,505.0,25.0,82.0
250.0,526.0,25.0,82.0
247.0,511.0,25.0,82.0
244.0,496.0,25.0,82.0
2
0
0
0
0
1
326.0,540.0,75.0,59.0
340.0,530.0,75.0,59.0
353.0,521.0,75.0,59.0
366.0,512.0,75.0,59.0
377.0,504.0,75.0,59.0
388.0,496.0,75.0,59.0
399.0,488.0,75.0,59.0
410.0,480.0,75.0,59.0
421.0,472.0,75.0,59.0
432.0,464.0,75.0,59.0
443.0,456.0,75.0,59.0
454.0,448.0,75.0,59.0
465.0,440.0,75.0,59.0
2
0
0
0
0
1
2
0
0
0
0
1
471.0,573.0,54.0,74.0
476.0,583.0,54.0,74.0
481.0,592.0,54.0,74.0
486.0,601.0,54.0,74.0
490.0,607.0,54.0,74.0
494.0,613.0,54.0,74.0
498.0,619.0,54.0,74.0
502.0,625.0,54.0,74.0
506.0,631.0,54.0,74.0
2
0
0
0
0
1
559.0,494.0,65.0,35.0
574.0,507.0,65.0,35.0
595.0,522.0,65.0,35.0
605.0,527.0,65.0,35.0
633.0,552.0,65.0,35.0
656.0,570.0,65.0,35.0
669.0,580.0,65.0,35.0
680.0,589.0,65.0,35.0
691.0,598.0,65.0,35.0
701.0,606.0,65.0,35.0
711.0,614.0,65.0,35.0
719.0,621.0,65.0,35.0
727.0,627.0,65.0,35.0
733.0,632.0,65.0,35.0
739.0,637.0,65.0,35.0
745.0,642.0,65.0,35.0
751.0,647.0,65.0,35.0
757.0,652.0,65.0,35.0
763.0,657.0,65.0,35.0
2
0
0
0
0
1
787.0,603.0,80.0,58.0
790.0,601.0,80.0,58.0
793.0,599.0,80.0,58.0
796.0,597.0,80.0,58.0
799.0,595.0,80.0,58.0
802.0,593.0,80.0,58.0
805.0,591.0,80.0,58.0
808.0,589.0,80.0,58.0
811.0,587.0,80.0,58.0
814.0,585.0,80.0,58.0
817.0,583.0,80.0,58.0
820.0,581.0,80.0,58.0
823.0,579.0,80.0,58.0
2
0
0
0
0
1
949.0,596.0,86.0,38.0
954.0,595.0,86.0,38.0
941.0,596.0,86.0,38.0
929.0,595.0,86.0,38.0
922.0,594.0,86.0,38.0
915.0,593.0,86.0,38.0
946.0,596.0,86.0,40.0
943.0,596.0,86.0,40.0
940.0,596.0,86.0,40.0
937.0,596.0,86.0,40.0
2
0
0
0
0
1
1064.0,603.0,83.0,48.0
1064.0,603.0,83.0,48.0
1066.0,604.0,83.0,48.0
1068.0,605.0,83.0,48.0
1070.0,606.0,83.0,48.0
1072.0,607.0,83.0,48.0
1074.0,608.0,83.0,48.0
1076.0,609.0,83.0,48.0
2
0
0
0
0
1
1205.0,676.0,38.0,83.0
1210.0,691.0,38.0,83.0
1215.0,706.0,38.0,83.0
1220.0,721.0,38.0,83.0
1225.0,736.0,38.0,83.0
2
0
0
0
0
1
1447.0,575.0,66.0,66.0
1468.0,554.0,66.0,66.0
1487.0,535.0,66.0,66.0
1504.0,518.0,66.0,66.0
1519.0,502.0,66.0,66.0
1534.0,486.0,66.0,66.0
1549.0,470.0,66.0,66.0
1564.0,454.0,66.0,66.0
2
0
0
0
0
1
1442.0,333.0,62.0,78.0
1434.0,321.0,62.0,78.0
1427.0,311.0,62.0,78.0
1421.0,302.0,62.0,78.0
1415.0,293.0,62.0,78.0
1409.0,284.0,62.0,78.0
2
0
0
0
0
1
1114.0,353.0,80.0,15.0
1094.0,353.0,80.0,15.0
1076.0,353.0,80.0,15.0
1059.0,353.0,80.0,15.0
1043.0,354.0,80.0,15.0
1028.0,354.0,80.0,15.0
1014.0,354.0,80.0,15.0
1002.0,354.0,80.0,15.0
990.0,355.0,80.0,15.0
978.0,355.0,80.0,15.0
966.0,355.0,80.0,15.0
954.0,355.0,80.0,15.0
942.0,355.0,80.0,15.0
930.0,355.0,80.0,15.0
918.0,355.0,80.0,15.0
906.0,355.0,80.0,15.0
2
0
0
0
0
1
1025.0,389.0,61.0,65.0
1040.0,389.0,61.0,65.0
2
0
0
0
0
1
828.0,344.0,81.0,25.0
810.0,341.0,81.0,25.0
792.0,338.0,81.0,25.0
774.0,335.0,81.0,25.0
756.0,332.0,81.0,25.0
738.0,329.0,81.0,25.0
720.0,326.0,81.0,25.0
702.0,323.0,81.0,25.0
702.0,317.0,81.0,25.0
684.0,315.0,81.0,25.0
665.0,312.0,81.0,25.0
658.0,312.0,81.0,25.0
644.0,309.0,81.0,25.0
622.0,302.0,81.0,25.0
606.0,297.0,81.0,25.0
589.0,291.0,81.0,25.0
579.0,287.0,81.0,25.0
570.0,284.0,81.0,25.0
558.0,281.0,81.0,25.0
548.0,279.0,81.0,25.0
539.0,277.0,81.0,25.0
531.0,275.0,81.0,25.0
523.0,273.0,81.0,25.0
515.0,271.0,81.0,25.0
507.0,269.0,81.0,25.0
499.0,267.0,81.0,25.0
491.0,265.0,81.0,25.0
2
0
0
0
0
1
323.0,305.0,66.0,41.0
325.0,314.0,66.0,41.0
327.0,323.0,66.0,41.0
300.0,280.0,66.0,43.0
293.0,270.0,66.0,43.0
286.0,260.0,66.0,43.0
279.0,250.0,66.0,43.0
2
0
0
0
0
1
2
0
0
0
0
1
285.0,120.0,77.0,32.0
296.0,116.0,77.0,32.0
304.0,113.0,77.0,32.0
313.0,110.0,77.0,32.0
321.0,107.0,77.0,32.0
329.0,104.0,77.0,32.0
335.0,102.0,77.0,32.0
341.0,100.0,77.0,32.0
335.0,100.0,77.0,32.0
327.0,97.0,77.0,32.0
323.0,94.0,77.0,32.0
319.0,91.0,77.0,32.0
315.0,88.0,77.0,32.0
311.0,85.0,77.0,32.0
2
0
0
0
0
1
