1
166.0,66.0,88.0,64.0
133.0,83.0,88.0,64.0
100.0,100.0,88.0,64.0
2
0
0
0
0
1
2
0
0
0
0
1
293.0,125.0,104.0,89.0
304.0,127.0,104.0,89.0
315.0,129.0,104.0,89.0
326.0,131.0,104.0,89.0
337.0,133.0,104.0,89.0
2
0
0
0
0
1
325.0,130.0,74.0,84.0
299.0,133.0,72.0,84.0
294.0,140.0,72.0,84.0
295.0,146.0,72.0,84.0
294.0,150.0,72.0,84.0
280.0,145.0,72.0,84.0
263.0,144.0,72.0,84.0
249.0,139.0,72.0,84.0
230.0,131.0,72.0,84.0
211.0,130.0,72.0,84.0
206.0,131.0,72.0,84.0
201.0,132.0,72.0,84.0
196.0,133.0,72.0,84.0
191.0,134.0,72.0,84.0
186.0,135.0,72.0,84.0
181.0,136.0,72.0,84.0
176.0,137.0,72.0,84.0
2
0
0
0
0
1
306.0,140.0,61.0,61.0
302.0,140.0,61.0,61.0
304.0,138.0,61.0,61.0
305.0,139.0,61.0,61.0
306.0,140.0,61.0,61.0
307.0,141.0,61.0,61.0
299.0,153.0,61.0,61.0
301.0,156.0,61.0,61.0
300.0,155.0,61.0,61.0
298.0,153.0,61.0,61.0
300.0,151.0,61.0,61.0
302.0,150.0,61.0,61.0
301.0,151.0,61.0,61.0
300.0,153.0,61.0,61.0
299.0,155.0,61.0,61.0
278.0,156.0,61.0,61.0
278.0,158.0,61.0,61.0
279.0,158.0,61.0,61.0
280.0,158.0,61.0,61.0
281.0,158.0,61.0,61.0
282.0,158.0,61.0,61.0
283.0,158.0,61.0,61.0
285.0,159.0,61.0,61.0
274.0,156.0,61.0,61.0
275.0,159.0,61.0,61.0
275.0,159.0,61.0,61.0
275.0,159.0,61.0,61.0
2
0
0
0
0
1
239.0,169.0,38.0,52.0
235.0,165.0,38.0,52.0
239.0,163.0,38.0,52.0
250.0,159.0,38.0,52.0
251.0,167.0,38.0,52.0
255.0,168.0,38.0,52.0
267.0,170.0,38.0,52.0
279.0,172.0,38.0,52.0
291.0,174.0,38.0,52.0
303.0,176.0,38.0,52.0
315.0,178.0,38.0,52.0
327.0,180.0,38.0,52.0
339.0,182.0,38.0,52.0
351.0,184.0,38.0,52.0
363.0,186.0,38.0,52.0
375.0,188.0,38.0,52.0
387.0,190.0,38.0,52.0
399.0,192.0,38.0,52.0
2
0
0
0
0
1
222.0,182.0,22.0,57.0
204.0,184.0,22.0,57.0
187.0,193.0,22.0,57.0
188.0,199.0,22.0,57.0
193.0,203.0,22.0,57.0
198.0,207.0,22.0,57.0
203.0,211.0,22.0,57.0
208.0,215.0,22.0,57.0
2
0
0
0
0
1
2
0
0
0
0
1
292.0,194.0,101.0,86.0
289.0,196.0,101.0,86.0
280.0,194.0,101.0,88.0
271.0,193.0,101.0,88.0
262.0,192.0,101.0,88.0
253.0,191.0,101.0,88.0
244.0,190.0,101.0,88.0
235.0,189.0,101.0,88.0
292.0,180.0,101.0,86.0
296.0,186.0,101.0,84.0
296.0,182.0,101.0,84.0
292.0,181.0,101.0,84.0
286.0,181.0,101.0,84.0
287.0,177.0,101.0,84.0
274.0,168.0,101.0,84.0
267.0,162.0,101.0,84.0
261.0,158.0,101.0,84.0
258.0,152.0,101.0,84.0
255.0,146.0,101.0,84.0
252.0,140.0,101.0,84.0
249.0,134.0,101.0,84.0
246.0,128.0,101.0,84.0
2
0
0
0
0
1
275.0,150.0,38.0,54.0
2
0
0
0
0
1
378.0,166.0,60.0,51.0
376.0,181.0,60.0,51.0
369.0,178.0,60.0,51.0
374.0,174.0,60.0,51.0
369.0,172.0,60.0,51.0
364.0,172.0,60.0,51.0
368.0,175.0,60.0,51.0
376.0,176.0,60.0,51.0
377.0,174.0,60.0,51.0
366.0,174.0,60.0,51.0
363.0,179.0,60.0,51.0
360.0,184.0,60.0,51.0
357.0,189.0,60.0,51.0
