1
330.0,161.0,38.0,50.0
328.0,161.0,38.0,50.0
325.0,160.0,38.0,50.0
326.0,161.0,38.0,50.0
326.0,161.0,38.0,50.0
327.0,162.0,38.0,50.0
327.0,162.0,38.0,50.0
328.0,163.0,38.0,50.0
328.0,163.0,38.0,50.0
329.0,164.0,38.0,50.0
329.0,164.0,38.0,50.0
330.0,153.0,38.0,50.0
330.0,153.0,38.0,50.0
325.0,142.0,38.0,50.0
325.0,142.0,38.0,50.0
320.0,131.0,38.0,50.0
320.0,131.0,38.0,50.0
315.0,120.0,38.0,50.0
315.0,120.0,38.0,50.0
2
0
0
0
0
1
322.0,159.0,31.0,71.0
321.0,160.0,31.0,71.0
320.0,161.0,31.0,71.0
319.0,162.0,31.0,71.0
319.0,162.0,31.0,71.0
326.0,155.0,31.0,71.0
326.0,155.0,31.0,71.0
313.0,148.0,31.0,71.0
313.0,148.0,31.0,71.0
327.0,154.0,31.0,71.0
327.0,154.0,31.0,71.0
327.0,156.0,31.0,71.0
327.0,156.0,31.0,71.0
327.0,158.0,31.0,71.0
327.0,158.0,31.0,71.0
2
0
0
0
0
1
326.0,151.0,33.0,67.0
326.0,152.0,33.0,67.0
327.0,152.0,33.0,67.0
327.0,152.0,33.0,67.0
327.0,152.0,33.0,67.0
329.0,152.0,33.0,67.0
329.0,152.0,33.0,67.0
331.0,153.0,33.0,67.0
331.0,153.0,33.0,67.0
332.0,153.0,33.0,67.0
332.0,153.0,33.0,67.0
331.0,153.0,33.0,67.0
331.0,153.0,33.0,67.0
330.0,153.0,33.0,67.0
330.0,153.0,33.0,67.0
329.0,153.0,33.0,67.0
329.0,153.0,33.0,67.0
328.0,153.0,33.0,67.0
328.0,153.0,33.0,67.0
327.0,153.0,33.0,67.0
327.0,153.0,33.0,67.0
326.0,153.0,33.0,67.0
326.0,153.0,33.0,67.0
325.0,153.0,33.0,67.0
325.0,153.0,33.0,67.0
324.0,153.0,33.0,67.0
324.0,153.0,33.0,67.0
318.0,153.0,33.0,67.0
318.0,153.0,33.0,67.0
319.0,149.0,33.0,67.0
319.0,149.0,33.0,67.0
317.0,150.0,33.0,67.0
317.0,150.0,33.0,67.0
316.0,150.0,33.0,67.0
316.0,150.0,33.0,67.0
315.0,150.0,33.0,67.0
315.0,150.0,33.0,67.0
316.0,151.0,33.0,67.0
316.0,151.0,33.0,67.0
319.0,150.0,33.0,67.0
319.0,150.0,33.0,67.0
319.0,150.0,33.0,67.0
319.0,150.0,33.0,67.0
319.0,150.0,33.0,67.0
319.0,150.0,33.0,67.0
319.0,150.0,33.0,67.0
319.0,150.0,33.0,67.0
327.0,150.0,33.0,67.0
327.0,150.0,33.0,67.0
330.0,151.0,33.0,67.0
330.0,151.0,33.0,67.0
331.0,150.0,33.0,67.0
331.0,150.0,33.0,67.0
331.0,150.0,33.0,67.0
331.0,150.0,33.0,67.0
331.0,150.0,33.0,67.0
331.0,150.0,33.0,67.0
331.0,150.0,33.0,67.0
331.0,150.0,33.0,67.0
336.0,150.0,33.0,67.0
336.0,150.0,33.0,67.0
338.0,149.0,33.0,67.0
338.0,149.0,33.0,67.0
341.0,151.0,33.0,67.0
341.0,151.0,33.0,67.0
344.0,153.0,33.0,67.0
344.0,153.0,33.0,67.0
347.0,160.0,33.0,67.0
347.0,160.0,33.0,67.0
354.0,161.0,33.0,67.0
354.0,161.0,33.0,67.0
361.0,162.0,33.0,67.0
361.0,162.0,33.0,67.0
368.0,163.0,33.0,67.0
368.0,163.0,33.0,67.0
375.0,164.0,33.0,67.0
375.0,164.0,33.0,67.0
361.0,162.0,33.0,67.0
361.0,162.0,33.0,67.0
2
0
0
0
0
1
366.0,151.0,39.0,97.0
369.0,152.0,39.0,97.0
370.0,152.0,39.0,97.0
370.0,152.0,39.0,97.0
370.0,152.0,39.0,97.0
370.0,152.0,39.0,97.0
370.0,152.0,39.0,97.0
370.0,152.0,39.0,97.0
370.0,152.0,39.0,97.0
370.0,152.0,39.0,97.0
370.0,152.0,39.0,97.0
370.0,152.0,39.0,97.0
370.0,152.0,39.0,97.0
390.0,161.0,39.0,97.0
390.0,161.0,39.0,97.0
393.0,162.0,39.0,97.0
393.0,162.0,39.0,97.0
400.0,162.0,39.0,97.0
400.0,162.0,39.0,97.0
402.0,161.0,39.0,97.0
402.0,161.0,39.0,97.0
403.0,160.0,39.0,97.0
403.0,160.0,39.0,97.0
403.0,159.0,39.0,97.0
403.0,159.0,39.0,97.0
402.0,158.0,39.0,97.0
402.0,158.0,39.0,97.0
403.0,159.0,39.0,97.0
403.0,159.0,39.0,97.0
404.0,160.0,39.0,97.0
404.0,160.0,39.0,97.0
405.0,161.0,39.0,97.0
405.0,161.0,39.0,97.0
406.0,162.0,39.0,97.0
406.0,162.0,39.0,97.0
407.0,163.0,39.0,97.0
407.0,163.0,39.0,97.0
437.0,163.0,39.0,97.0
437.0,163.0,39.0,97.0
442.0,162.0,39.0,97.0
442.0,162.0,39.0,97.0
449.0,161.0,39.0,97.0
449.0,161.0,39.0,97.0
453.0,159.0,39.0,97.0
453.0,159.0,39.0,97.0
456.0,155.0,39.0,97.0
456.0,155.0,39.0,97.0
460.0,153.0,39.0,97.0
460.0,153.0,39.0,97.0
464.0,151.0,39.0,97.0
464.0,151.0,39.0,97.0
468.0,149.0,39.0,97.0
468.0,149.0,39.0,97.0
472.0,147.0,39.0,97.0
472.0,147.0,39.0,97.0
476.0,145.0,39.0,97.0
476.0,145.0,39.0,97.0
480.0,143.0,39.0,97.0
480.0,143.0,39.0,97.0
484.0,141.0,39.0,97.0
484.0,141.0,39.0,97.0
2
0
0
0
0
1
452.0,161.0,35.0,61.0
452.0,160.0,35.0,61.0
452.0,160.0,35.0,61.0
453.0,160.0,35.0,61.0
453.0,160.0,35.0,61.0
454.0,157.0,35.0,61.0
454.0,157.0,35.0,61.0
453.0,154.0,35.0,61.0
453.0,154.0,35.0,61.0
452.0,152.0,35.0,61.0
452.0,152.0,35.0,61.0
450.0,151.0,35.0,61.0
450.0,151.0,35.0,61.0
447.0,152.0,35.0,61.0
447.0,152.0,35.0,61.0
448.0,152.0,35.0,61.0
448.0,152.0,35.0,61.0
448.0,149.0,35.0,61.0
448.0,149.0,35.0,61.0
449.0,149.0,35.0,61.0
449.0,149.0,35.0,61.0
450.0,149.0,35.0,61.0
450.0,149.0,35.0,61.0
451.0,149.0,35.0,61.0
451.0,149.0,35.0,61.0
452.0,149.0,35.0,61.0
452.0,149.0,35.0,61.0
453.0,149.0,35.0,61.0
453.0,149.0,35.0,61.0
454.0,149.0,35.0,61.0
454.0,149.0,35.0,61.0
455.0,149.0,35.0,61.0
455.0,149.0,35.0,61.0
456.0,149.0,35.0,61.0
456.0,149.0,35.0,61.0
457.0,149.0,35.0,61.0
457.0,149.0,35.0,61.0
458.0,149.0,35.0,61.0
458.0,149.0,35.0,61.0
459.0,149.0,35.0,61.0
2
0
0
0
0
1
524.0,127.0,34.0,83.0
528.0,125.0,34.0,83.0
531.0,123.0,34.0,83.0
531.0,123.0,34.0,83.0
531.0,123.0,34.0,83.0
530.0,121.0,34.0,83.0
530.0,121.0,34.0,83.0
528.0,118.0,34.0,83.0
528.0,118.0,34.0,83.0
524.0,116.0,34.0,83.0
524.0,116.0,34.0,83.0
520.0,119.0,34.0,83.0
520.0,119.0,34.0,83.0
516.0,118.0,34.0,83.0
516.0,118.0,34.0,83.0
512.0,117.0,34.0,83.0
512.0,117.0,34.0,83.0
506.0,117.0,34.0,83.0
506.0,117.0,34.0,83.0
503.0,114.0,34.0,83.0
503.0,114.0,34.0,83.0
497.0,109.0,34.0,83.0
497.0,109.0,34.0,83.0
495.0,110.0,34.0,83.0
495.0,110.0,34.0,83.0
490.0,103.0,34.0,83.0
490.0,103.0,34.0,83.0
486.0,99.0,34.0,83.0
486.0,99.0,34.0,83.0
482.0,97.0,34.0,83.0
482.0,97.0,34.0,83.0
480.0,91.0,34.0,83.0
480.0,91.0,34.0,83.0
480.0,89.0,34.0,83.0
480.0,89.0,34.0,83.0
482.0,91.0,34.0,83.0
482.0,91.0,34.0,83.0
483.0,88.0,34.0,83.0
483.0,88.0,34.0,83.0
484.0,86.0,34.0,83.0
484.0,86.0,34.0,83.0
486.0,87.0,34.0,83.0
486.0,87.0,34.0,83.0
487.0,83.0,34.0,83.0
487.0,83.0,34.0,83.0
488.0,81.0,34.0,83.0
488.0,81.0,34.0,83.0
488.0,82.0,34.0,83.0
488.0,82.0,34.0,83.0
487.0,83.0,34.0,83.0
487.0,83.0,34.0,83.0
484.0,83.0,34.0,83.0
484.0,83.0,34.0,83.0
480.0,85.0,34.0,83.0
480.0,85.0,34.0,83.0
474.0,84.0,34.0,83.0
474.0,84.0,34.0,83.0
468.0,83.0,34.0,83.0
468.0,83.0,34.0,83.0
462.0,82.0,34.0,83.0
462.0,82.0,34.0,83.0
456.0,81.0,34.0,83.0
456.0,81.0,34.0,83.0
450.0,80.0,34.0,83.0
450.0,80.0,34.0,83.0
436.0,92.0,34.0,83.0
436.0,92.0,34.0,83.0
434.0,94.0,34.0,83.0
434.0,94.0,34.0,83.0
431.0,94.0,34.0,83.0
431.0,94.0,34.0,83.0
426.0,93.0,34.0,83.0
426.0,93.0,34.0,83.0
424.0,95.0,34.0,83.0
424.0,95.0,34.0,83.0
425.0,96.0,34.0,83.0
425.0,96.0,34.0,83.0
425.0,95.0,34.0,83.0
425.0,95.0,34.0,83.0
423.0,97.0,34.0,83.0
423.0,97.0,34.0,83.0
420.0,94.0,34.0,83.0
420.0,94.0,34.0,83.0
417.0,93.0,34.0,83.0
417.0,93.0,34.0,83.0
413.0,95.0,34.0,83.0
413.0,95.0,34.0,83.0
407.0,93.0,34.0,83.0
407.0,93.0,34.0,83.0
403.0,95.0,34.0,83.0
403.0,95.0,34.0,83.0
401.0,95.0,34.0,83.0
401.0,95.0,34.0,83.0
394.0,94.0,34.0,83.0
394.0,94.0,34.0,83.0
389.0,96.0,34.0,83.0
389.0,96.0,34.0,83.0
385.0,95.0,34.0,83.0
385.0,95.0,34.0,83.0
378.0,95.0,34.0,83.0
378.0,95.0,34.0,83.0
370.0,95.0,34.0,83.0
370.0,95.0,34.0,83.0
366.0,94.0,34.0,83.0
366.0,94.0,34.0,83.0
